                                                 awarding_agency_name       BAC     BRK.B     CMCSA      COST       CRM      CSCO       DIS     GOOGL        HD      INTC       JNJ       JPM        KO       LLY        MA       MCD      META       MRK      MSFT      NFLX       NGL     NSRGY      NVDA      ORCL       PEP       PFE        PG         T       TMO       UNH         V       WFC       WMT      AAPL       ABT       ACN      ADBE       AMD      AMZN        BA      TSLA        VZ       XOM
total_outlayed_amount                                                                                                                                                                                                                                                                                                                                                                                                                                                                                              
191753.97              Corporation for National and Community Service  0.000510 -0.008124 -0.011864 -0.003255  0.005117 -0.003611 -0.005523  0.000000  0.000778 -0.005806 -0.004157 -0.009938 -0.006900 -0.006195 -0.001211 -0.001021  0.017388 -0.016952 -0.001414 -0.006033  0.004566 -0.013092  0.033656 -0.005068 -0.006016 -0.009437 -0.010470 -0.006309 -0.019258  0.000743 -0.000505 -0.005787  0.000000 -0.004895 -0.012408  0.013893 -0.003974  0.019214 -0.015155 -0.015501 -0.033572 -0.011765  0.008723
23417.50               Corporation for National and Community Service  0.000510 -0.008124 -0.011864 -0.003255  0.005117 -0.003611 -0.005523  0.000000  0.000778 -0.005806 -0.004157 -0.009938 -0.006900 -0.006195 -0.001211 -0.001021  0.017388 -0.016952 -0.001414 -0.006033  0.004566 -0.013092  0.033656 -0.005068 -0.006016 -0.009437 -0.010470 -0.006309 -0.019258  0.000743 -0.000505 -0.005787  0.000000 -0.004895 -0.012408  0.013893 -0.003974  0.019214 -0.015155 -0.015501 -0.033572 -0.011765  0.008723
1433276.49             Corporation for National and Community Service  0.021911  0.019891  0.009311  0.008496  0.024349  0.006103  0.016234  0.007235 -0.007824  0.014825 -0.001308  0.029187 -0.004963  0.001818  0.005515  0.001022  0.022599 -0.003721 -0.001152  0.018251  0.002273 -0.006582  0.016850  0.023972 -0.003323  0.008469 -0.007289 -0.006349 -0.003844 -0.002615  0.003865  0.036013  0.006341  0.005007  0.003653  0.002768  0.006788  0.049432  0.025005  0.029763  0.039142 -0.007637  0.018355
1025653.34             Corporation for National and Community Service  0.021911  0.019891  0.009311  0.008496  0.024349  0.006103  0.016234  0.007235 -0.007824  0.014825 -0.001308  0.029187 -0.004963  0.001818  0.005515  0.001022  0.022599 -0.003721 -0.001152  0.018251  0.002273 -0.006582  0.016850  0.023972 -0.003323  0.008469 -0.007289 -0.006349 -0.003844 -0.002615  0.003865  0.036013  0.006341  0.005007  0.003653  0.002768  0.006788  0.049432  0.025005  0.029763  0.039142 -0.007637  0.018355
1233089.82             Corporation for National and Community Service -0.003740 -0.018335 -0.015295 -0.010780 -0.011051 -0.004550 -0.029007 -0.024422 -0.000735 -0.009296 -0.004741 -0.001373 -0.016531  0.012670 -0.012859 -0.009580 -0.018727 -0.010750 -0.015671 -0.024705  0.049887 -0.006320  0.022414 -0.005209 -0.004525  0.021693 -0.010422 -0.005933  0.000401 -0.012923 -0.014896  0.003511 -0.022733 -0.022531  0.006392 -0.015018 -0.039273  0.000410 -0.030615  0.005871 -0.036988 -0.007696  0.004326
546431.52              Corporation for National and Community Service -0.003740 -0.018335 -0.015295 -0.010780 -0.011051 -0.004550 -0.029007 -0.024422 -0.000735 -0.009296 -0.004741 -0.001373 -0.016531  0.012670 -0.012859 -0.009580 -0.018727 -0.010750 -0.015671 -0.024705  0.049887 -0.006320  0.022414 -0.005209 -0.004525  0.021693 -0.010422 -0.005933  0.000401 -0.012923 -0.014896  0.003511 -0.022733 -0.022531  0.006392 -0.015018 -0.039273  0.000410 -0.030615  0.005871 -0.036988 -0.007696  0.004326
594842.74              Corporation for National and Community Service -0.000751  0.000662  0.009615  0.019265  0.024599  0.004190  0.001299  0.008590  0.014998  0.042002  0.001003 -0.000853  0.002463  0.017053  0.011724  0.003490  0.013868 -0.000645  0.012624  0.028265  0.038877 -0.004924  0.040479  0.025887  0.019197 -0.000685  0.006223  0.003673 -0.005678 -0.003393  0.004273  0.002449  0.007712  0.018404  0.011203  0.010034  0.018346  0.010704  0.010619 -0.008082  0.015239  0.003878 -0.026561
215826.19              Corporation for National and Community Service -0.000751  0.000662  0.009615  0.019265  0.024599  0.004190  0.001299  0.008590  0.014998  0.042002  0.001003 -0.000853  0.002463  0.017053  0.011724  0.003490  0.013868 -0.000645  0.012624  0.028265  0.038877 -0.004924  0.040479  0.025887  0.019197 -0.000685  0.006223  0.003673 -0.005678 -0.003393  0.004273  0.002449  0.007712  0.018404  0.011203  0.010034  0.018346  0.010704  0.010619 -0.008082  0.015239  0.003878 -0.026561
88685.53               Corporation for National and Community Service -0.000751  0.000662  0.009615  0.019265  0.024599  0.004190  0.001299  0.008590  0.014998  0.042002  0.001003 -0.000853  0.002463  0.017053  0.011724  0.003490  0.013868 -0.000645  0.012624  0.028265  0.038877 -0.004924  0.040479  0.025887  0.019197 -0.000685  0.006223  0.003673 -0.005678 -0.003393  0.004273  0.002449  0.007712  0.018404  0.011203  0.010034  0.018346  0.010704  0.010619 -0.008082  0.015239  0.003878 -0.026561
1071627.53             Corporation for National and Community Service -0.000751  0.000662  0.009615  0.019265  0.024599  0.004190  0.001299  0.008590  0.014998  0.042002  0.001003 -0.000853  0.002463  0.017053  0.011724  0.003490  0.013868 -0.000645  0.012624  0.028265  0.038877 -0.004924  0.040479  0.025887  0.019197 -0.000685  0.006223  0.003673 -0.005678 -0.003393  0.004273  0.002449  0.007712  0.018404  0.011203  0.010034  0.018346  0.010704  0.010619 -0.008082  0.015239  0.003878 -0.026561
456591.00              Corporation for National and Community Service -0.000751  0.000662  0.009615  0.019265  0.024599  0.004190  0.001299  0.008590  0.014998  0.042002  0.001003 -0.000853  0.002463  0.017053  0.011724  0.003490  0.013868 -0.000645  0.012624  0.028265  0.038877 -0.004924  0.040479  0.025887  0.019197 -0.000685  0.006223  0.003673 -0.005678 -0.003393  0.004273  0.002449  0.007712  0.018404  0.011203  0.010034  0.018346  0.010704  0.010619 -0.008082  0.015239  0.003878 -0.026561
158836.15              Corporation for National and Community Service -0.000751  0.000662  0.009615  0.019265  0.024599  0.004190  0.001299  0.008590  0.014998  0.042002  0.001003 -0.000853  0.002463  0.017053  0.011724  0.003490  0.013868 -0.000645  0.012624  0.028265  0.038877 -0.004924  0.040479  0.025887  0.019197 -0.000685  0.006223  0.003673 -0.005678 -0.003393  0.004273  0.002449  0.007712  0.018404  0.011203  0.010034  0.018346  0.010704  0.010619 -0.008082  0.015239  0.003878 -0.026561
135864.74              Corporation for National and Community Service -0.000751  0.000662  0.009615  0.019265  0.024599  0.004190  0.001299  0.008590  0.014998  0.042002  0.001003 -0.000853  0.002463  0.017053  0.011724  0.003490  0.013868 -0.000645  0.012624  0.028265  0.038877 -0.004924  0.040479  0.025887  0.019197 -0.000685  0.006223  0.003673 -0.005678 -0.003393  0.004273  0.002449  0.007712  0.018404  0.011203  0.010034  0.018346  0.010704  0.010619 -0.008082  0.015239  0.003878 -0.026561
61256.04               Corporation for National and Community Service -0.000751  0.000662  0.009615  0.019265  0.024599  0.004190  0.001299  0.008590  0.014998  0.042002  0.001003 -0.000853  0.002463  0.017053  0.011724  0.003490  0.013868 -0.000645  0.012624  0.028265  0.038877 -0.004924  0.040479  0.025887  0.019197 -0.000685  0.006223  0.003673 -0.005678 -0.003393  0.004273  0.002449  0.007712  0.018404  0.011203  0.010034  0.018346  0.010704  0.010619 -0.008082  0.015239  0.003878 -0.026561
100236.46              Corporation for National and Community Service -0.000751  0.000662  0.009615  0.019265  0.024599  0.004190  0.001299  0.008590  0.014998  0.042002  0.001003 -0.000853  0.002463  0.017053  0.011724  0.003490  0.013868 -0.000645  0.012624  0.028265  0.038877 -0.004924  0.040479  0.025887  0.019197 -0.000685  0.006223  0.003673 -0.005678 -0.003393  0.004273  0.002449  0.007712  0.018404  0.011203  0.010034  0.018346  0.010704  0.010619 -0.008082  0.015239  0.003878 -0.026561
1728220.94             Corporation for National and Community Service -0.000751  0.000662  0.009615  0.019265  0.024599  0.004190  0.001299  0.008590  0.014998  0.042002  0.001003 -0.000853  0.002463  0.017053  0.011724  0.003490  0.013868 -0.000645  0.012624  0.028265  0.038877 -0.004924  0.040479  0.025887  0.019197 -0.000685  0.006223  0.003673 -0.005678 -0.003393  0.004273  0.002449  0.007712  0.018404  0.011203  0.010034  0.018346  0.010704  0.010619 -0.008082  0.015239  0.003878 -0.026561
716928.06              Corporation for National and Community Service  0.006511  0.004628  0.010989  0.020979 -0.012518  0.015741  0.011783 -0.015330  0.004563  0.006003  0.006012  0.012669  0.005637  0.006588  0.005814  0.006393 -0.004014  0.016126  0.006631  0.007856  0.000000  0.004845 -0.001806  0.022481  0.012440  0.034613  0.006601  0.003202  0.006382  0.016576  0.007165  0.004188  0.008656  0.016698  0.011515  0.013042 -0.004353 -0.010301  0.013408 -0.034142 -0.014110  0.002272  0.000410
201956.46              Corporation for National and Community Service -0.005474 -0.002128 -0.007246 -0.017017  0.007815 -0.000373 -0.006517  0.001359 -0.014685 -0.010230 -0.000871 -0.002718 -0.004600 -0.009840 -0.003860  0.000691 -0.011312 -0.007890 -0.003881  0.003932 -0.002079  0.001231  0.016283 -0.016153  0.002608 -0.028155 -0.001890 -0.032376 -0.009111  0.010960  0.001950  0.003650 -0.009826 -0.002178 -0.002846 -0.010984  0.019207 -0.039995  0.007993 -0.018411 -0.009459 -0.026298  0.008600
187299.61              Corporation for National and Community Service  0.005488  0.005870  0.003336  0.005451 -0.011281 -0.003501 -0.007897  0.003031  0.000385 -0.033276  0.015470  0.004109  0.000000 -0.017418  0.001125  0.011296 -0.007029  0.016775 -0.000954 -0.009846 -0.040000 -0.003583 -0.046860 -0.011526 -0.001136  0.012380  0.006145  0.011759 -0.005416 -0.081120 -0.004952  0.013996  0.016939  0.011025 -0.010235  0.011135 -0.003179 -0.052218  0.000800  0.022552  0.001871  0.012734 -0.030061
239638.99              Corporation for National and Community Service  0.005488  0.005870  0.003336  0.005451 -0.011281 -0.003501 -0.007897  0.003031  0.000385 -0.033276  0.015470  0.004109  0.000000 -0.017418  0.001125  0.011296 -0.007029  0.016775 -0.000954 -0.009846 -0.040000 -0.003583 -0.046860 -0.011526 -0.001136  0.012380  0.006145  0.011759 -0.005416 -0.081120 -0.004952  0.013996  0.016939  0.011025 -0.010235  0.011135 -0.003179 -0.052218  0.000800  0.022552  0.001871  0.012734 -0.030061
71938.90               Corporation for National and Community Service  0.005488  0.005870  0.003336  0.005451 -0.011281 -0.003501 -0.007897  0.003031  0.000385 -0.033276  0.015470  0.004109  0.000000 -0.017418  0.001125  0.011296 -0.007029  0.016775 -0.000954 -0.009846 -0.040000 -0.003583 -0.046860 -0.011526 -0.001136  0.012380  0.006145  0.011759 -0.005416 -0.081120 -0.004952  0.013996  0.016939  0.011025 -0.010235  0.011135 -0.003179 -0.052218  0.000800  0.022552  0.001871  0.012734 -0.030061
199499.04              Corporation for National and Community Service  0.005488  0.005870  0.003336  0.005451 -0.011281 -0.003501 -0.007897  0.003031  0.000385 -0.033276  0.015470  0.004109  0.000000 -0.017418  0.001125  0.011296 -0.007029  0.016775 -0.000954 -0.009846 -0.040000 -0.003583 -0.046860 -0.011526 -0.001136  0.012380  0.006145  0.011759 -0.005416 -0.081120 -0.004952  0.013996  0.016939  0.011025 -0.010235  0.011135 -0.003179 -0.052218  0.000800  0.022552  0.001871  0.012734 -0.030061
185501.19              Corporation for National and Community Service  0.005488  0.005870  0.003336  0.005451 -0.011281 -0.003501 -0.007897  0.003031  0.000385 -0.033276  0.015470  0.004109  0.000000 -0.017418  0.001125  0.011296 -0.007029  0.016775 -0.000954 -0.009846 -0.040000 -0.003583 -0.046860 -0.011526 -0.001136  0.012380  0.006145  0.011759 -0.005416 -0.081120 -0.004952  0.013996  0.016939  0.011025 -0.010235  0.011135 -0.003179 -0.052218  0.000800  0.022552  0.001871  0.012734 -0.030061
374433.86              Corporation for National and Community Service -0.004673  0.000344 -0.000473 -0.002355  0.000860  0.000355 -0.002171 -0.013502 -0.007190  0.005827  0.001157  0.003488 -0.009494  0.000764 -0.000603  0.005688  0.000243 -0.006068  0.001442 -0.020442 -0.004630  0.021290  0.008915  0.005207  0.001089 -0.013482 -0.000580  0.000921  0.013017 -0.009294  0.009982  0.007669 -0.004063  0.001596  0.000594  0.007763 -0.011362  0.000769  0.003424  0.002647 -0.001988 -0.001366 -0.002569
141097.01              Corporation for National and Community Service -0.004673  0.000344 -0.000473 -0.002355  0.000860  0.000355 -0.002171 -0.013502 -0.007190  0.005827  0.001157  0.003488 -0.009494  0.000764 -0.000603  0.005688  0.000243 -0.006068  0.001442 -0.020442 -0.004630  0.021290  0.008915  0.005207  0.001089 -0.013482 -0.000580  0.000921  0.013017 -0.009294  0.009982  0.007669 -0.004063  0.001596  0.000594  0.007763 -0.011362  0.000769  0.003424  0.002647 -0.001988 -0.001366 -0.002569
187098.05              Corporation for National and Community Service -0.013233 -0.001377 -0.033389 -0.003136 -0.005633 -0.002995 -0.006785  0.003977 -0.020723  0.003074 -0.013869 -0.010516 -0.014055 -0.012898 -0.002576 -0.005275 -0.002272 -0.021711  0.001483  0.010708 -0.027907  0.004739  0.041377 -0.005324 -0.000286 -0.009925 -0.010159 -0.008696 -0.010537  0.003265 -0.012972 -0.005283 -0.006149  0.006298 -0.020102 -0.002202  0.005678  0.012374  0.000423  0.031097 -0.008382 -0.006592  0.000583
376390.67              Corporation for National and Community Service -0.013233 -0.001377 -0.033389 -0.003136 -0.005633 -0.002995 -0.006785  0.003977 -0.020723  0.003074 -0.013869 -0.010516 -0.014055 -0.012898 -0.002576 -0.005275 -0.002272 -0.021711  0.001483  0.010708 -0.027907  0.004739  0.041377 -0.005324 -0.000286 -0.009925 -0.010159 -0.008696 -0.010537  0.003265 -0.012972 -0.005283 -0.006149  0.006298 -0.020102 -0.002202  0.005678  0.012374  0.000423  0.031097 -0.008382 -0.006592  0.000583
184021.51              Corporation for National and Community Service -0.013233 -0.001377 -0.033389 -0.003136 -0.005633 -0.002995 -0.006785  0.003977 -0.020723  0.003074 -0.013869 -0.010516 -0.014055 -0.012898 -0.002576 -0.005275 -0.002272 -0.021711  0.001483  0.010708 -0.027907  0.004739  0.041377 -0.005324 -0.000286 -0.009925 -0.010159 -0.008696 -0.010537  0.003265 -0.012972 -0.005283 -0.006149  0.006298 -0.020102 -0.002202  0.005678  0.012374  0.000423  0.031097 -0.008382 -0.006592  0.000583
212938.11              Corporation for National and Community Service  0.012931 -0.005839  0.025043  0.007578 -0.010162  0.000177  0.001242  0.006522 -0.011196 -0.019264  0.003808  0.005022  0.000000  0.003333 -0.003864 -0.000635  0.011910  0.002821  0.020846 -0.010142  0.004785 -0.011841 -0.000835  0.008920 -0.003657 -0.003111  0.000944 -0.007387 -0.015100 -0.002817 -0.007181  0.012340  0.014973 -0.002622 -0.007437 -0.011276 -0.009242 -0.024129  0.003332  0.000375 -0.004021 -0.050343  0.005163
205543.80              Corporation for National and Community Service  0.012931 -0.005839  0.025043  0.007578 -0.010162  0.000177  0.001242  0.006522 -0.011196 -0.019264  0.003808  0.005022  0.000000  0.003333 -0.003864 -0.000635  0.011910  0.002821  0.020846 -0.010142  0.004785 -0.011841 -0.000835  0.008920 -0.003657 -0.003111  0.000944 -0.007387 -0.015100 -0.002817 -0.007181  0.012340  0.014973 -0.002622 -0.007437 -0.011276 -0.009242 -0.024129  0.003332  0.000375 -0.004021 -0.050343  0.005163
270612.10              Corporation for National and Community Service  0.012931 -0.005839  0.025043  0.007578 -0.010162  0.000177  0.001242  0.006522 -0.011196 -0.019264  0.003808  0.005022  0.000000  0.003333 -0.003864 -0.000635  0.011910  0.002821  0.020846 -0.010142  0.004785 -0.011841 -0.000835  0.008920 -0.003657 -0.003111  0.000944 -0.007387 -0.015100 -0.002817 -0.007181  0.012340  0.014973 -0.002622 -0.007437 -0.011276 -0.009242 -0.024129  0.003332  0.000375 -0.004021 -0.050343  0.005163
117362.08              Corporation for National and Community Service  0.012931 -0.005839  0.025043  0.007578 -0.010162  0.000177  0.001242  0.006522 -0.011196 -0.019264  0.003808  0.005022  0.000000  0.003333 -0.003864 -0.000635  0.011910  0.002821  0.020846 -0.010142  0.004785 -0.011841 -0.000835  0.008920 -0.003657 -0.003111  0.000944 -0.007387 -0.015100 -0.002817 -0.007181  0.012340  0.014973 -0.002622 -0.007437 -0.011276 -0.009242 -0.024129  0.003332  0.000375 -0.004021 -0.050343  0.005163
583121.67              Corporation for National and Community Service  0.000946 -0.001820  0.000120  0.006357 -0.013526 -0.005654 -0.005168 -0.014291 -0.005500 -0.018750  0.014745 -0.003168 -0.020734 -0.006490  0.001384 -0.051225 -0.031477 -0.002438 -0.006807 -0.019562 -0.004762 -0.001320 -0.028066 -0.012606 -0.008144  0.000693 -0.000707  0.046047 -0.016866 -0.009160 -0.003617 -0.003857  0.015240 -0.021623  0.007664 -0.003120 -0.016386 -0.007658 -0.026305 -0.017638 -0.019819  0.032771 -0.003563
559009.85              Corporation for National and Community Service  0.007322 -0.006166  0.002407 -0.006395  0.008192 -0.005686 -0.008728 -0.000369  0.007607  0.016379 -0.013204  0.007027 -0.010440 -0.013208 -0.006054  0.010081  0.007256 -0.004700  0.000306  0.007020  0.004785 -0.006203  0.006091  0.007395 -0.004568 -0.007623  0.000236 -0.012895 -0.033149 -0.006783 -0.001903  0.013476 -0.002762 -0.000823 -0.004017 -0.017268 -0.004453  0.003466  0.009041 -0.011843  0.219190 -0.023332 -0.005654
215305.35              Corporation for National and Community Service  0.007322 -0.006166  0.002407 -0.006395  0.008192 -0.005686 -0.008728 -0.000369  0.007607  0.016379 -0.013204  0.007027 -0.010440 -0.013208 -0.006054  0.010081  0.007256 -0.004700  0.000306  0.007020  0.004785 -0.006203  0.006091  0.007395 -0.004568 -0.007623  0.000236 -0.012895 -0.033149 -0.006783 -0.001903  0.013476 -0.002762 -0.000823 -0.004017 -0.017268 -0.004453  0.003466  0.009041 -0.011843  0.219190 -0.023332 -0.005654
685553.90              Corporation for National and Community Service -0.017819 -0.008214  0.000240 -0.002462  0.012903 -0.003931 -0.003878  0.015671 -0.009362  0.015219 -0.017046 -0.011868 -0.005646  0.001548 -0.006384 -0.029743  0.009634 -0.017945  0.008052  0.000172  0.007143 -0.003786  0.008048 -0.004932 -0.002149 -0.006634 -0.008254 -0.016667 -0.005382  0.006687 -0.005261 -0.013755 -0.006382  0.003643 -0.019907 -0.009417  0.001760  0.018183  0.007780 -0.001224  0.033438 -0.011467 -0.000836
206155.00              Corporation for National and Community Service -0.017819 -0.008214  0.000240 -0.002462  0.012903 -0.003931 -0.003878  0.015671 -0.009362  0.015219 -0.017046 -0.011868 -0.005646  0.001548 -0.006384 -0.029743  0.009634 -0.017945  0.008052  0.000172  0.007143 -0.003786  0.008048 -0.004932 -0.002149 -0.006634 -0.008254 -0.016667 -0.005382  0.006687 -0.005261 -0.013755 -0.006382  0.003643 -0.019907 -0.009417  0.001760  0.018183  0.007780 -0.001224  0.033438 -0.011467 -0.000836
169920.80              Corporation for National and Community Service -0.017819 -0.008214  0.000240 -0.002462  0.012903 -0.003931 -0.003878  0.015671 -0.009362  0.015219 -0.017046 -0.011868 -0.005646  0.001548 -0.006384 -0.029743  0.009634 -0.017945  0.008052  0.000172  0.007143 -0.003786  0.008048 -0.004932 -0.002149 -0.006634 -0.008254 -0.016667 -0.005382  0.006687 -0.005261 -0.013755 -0.006382  0.003643 -0.019907 -0.009417  0.001760  0.018183  0.007780 -0.001224  0.033438 -0.011467 -0.000836
8791.89                Corporation for National and Community Service -0.002112 -0.008441  0.005497 -0.004456  0.017429  0.007236 -0.000728  0.017754 -0.019410 -0.000873 -0.009344 -0.011530 -0.016649  0.008921 -0.003798 -0.006031  0.026152 -0.004797  0.012565  0.013776 -0.014706 -0.019887  0.005195  0.005858 -0.013778 -0.013860 -0.012581  0.003166 -0.008633 -0.005502 -0.008128 -0.004725 -0.012689  0.001157 -0.005874  0.004760  0.009043  0.039582  0.012952  0.015197 -0.011390 -0.006968 -0.013625
304640.92              Corporation for National and Community Service -0.005173  0.000748  0.004041 -0.008907 -0.008331 -0.001616 -0.010923  0.028171 -0.006455 -0.026201  0.003248  0.006774  0.005491 -0.062806  0.014636 -0.011797 -0.002495  0.010604  0.001343 -0.007506  0.014925 -0.007008 -0.013558  0.006516 -0.007701  0.002108 -0.006042 -0.007214  0.005203  0.001477  0.029374  0.001685 -0.003794 -0.015278  0.009259 -0.045367  0.002658 -0.106165  0.009957  0.008563 -0.007591 -0.001210 -0.005031
211818.22              Corporation for National and Community Service -0.005173  0.000748  0.004041 -0.008907 -0.008331 -0.001616 -0.010923  0.028171 -0.006455 -0.026201  0.003248  0.006774  0.005491 -0.062806  0.014636 -0.011797 -0.002495  0.010604  0.001343 -0.007506  0.014925 -0.007008 -0.013558  0.006516 -0.007701  0.002108 -0.006042 -0.007214  0.005203  0.001477  0.029374  0.001685 -0.003794 -0.015278  0.009259 -0.045367  0.002658 -0.106165  0.009957  0.008563 -0.007591 -0.001210 -0.005031
201576.06              Corporation for National and Community Service -0.010297 -0.021785 -0.023646  0.009985  0.011163  0.005946 -0.000209 -0.011968  0.007591 -0.029310 -0.011803 -0.014174  0.001538 -0.015618 -0.004920 -0.007994 -0.011425 -0.000098 -0.004654 -0.000780 -0.014851 -0.003057  0.004801 -0.002529  0.004529 -0.011748 -0.000121 -0.009042 -0.004391 -0.017249  0.003818 -0.015152  0.003163 -0.004038 -0.008010 -0.005120 -0.003003 -0.008107 -0.010862  0.003105 -0.024661 -0.007253  0.031840
7155942.86             Corporation for National and Community Service -0.010297 -0.021785 -0.023646  0.009985  0.011163  0.005946 -0.000209 -0.011968  0.007591 -0.029310 -0.011803 -0.014174  0.001538 -0.015618 -0.004920 -0.007994 -0.011425 -0.000098 -0.004654 -0.000780 -0.014851 -0.003057  0.004801 -0.002529  0.004529 -0.011748 -0.000121 -0.009042 -0.004391 -0.017249  0.003818 -0.015152  0.003163 -0.004038 -0.008010 -0.005120 -0.003003 -0.008107 -0.010862  0.003105 -0.024661 -0.007253  0.031840
343796.44              Corporation for National and Community Service -0.010297 -0.021785 -0.023646  0.009985  0.011163  0.005946 -0.000209 -0.011968  0.007591 -0.029310 -0.011803 -0.014174  0.001538 -0.015618 -0.004920 -0.007994 -0.011425 -0.000098 -0.004654 -0.000780 -0.014851 -0.003057  0.004801 -0.002529  0.004529 -0.011748 -0.000121 -0.009042 -0.004391 -0.017249  0.003818 -0.015152  0.003163 -0.004038 -0.008010 -0.005120 -0.003003 -0.008107 -0.010862  0.003105 -0.024661 -0.007253  0.031840
225943.96              Corporation for National and Community Service -0.010297 -0.021785 -0.023646  0.009985  0.011163  0.005946 -0.000209 -0.011968  0.007591 -0.029310 -0.011803 -0.014174  0.001538 -0.015618 -0.004920 -0.007994 -0.011425 -0.000098 -0.004654 -0.000780 -0.014851 -0.003057  0.004801 -0.002529  0.004529 -0.011748 -0.000121 -0.009042 -0.004391 -0.017249  0.003818 -0.015152  0.003163 -0.004038 -0.008010 -0.005120 -0.003003 -0.008107 -0.010862  0.003105 -0.024661 -0.007253  0.031840
821535.00              Corporation for National and Community Service  0.013308  0.006263  0.000705  0.004627 -0.001745  0.005911  0.008769  0.002954  0.011427  0.035524  0.000695  0.007781  0.003993 -0.000099 -0.000040  0.015264  0.020957 -0.002160  0.007345  0.011118  0.025126 -0.011843  0.028372  0.012913  0.009078  0.008285  0.004119  0.005931  0.009577  0.016602  0.004934  0.005808  0.014918  0.006486  0.000680  0.004623  0.010533  0.006751  0.019001 -0.026246  0.035414  0.004871  0.002951
890761.85              Corporation for National and Community Service  0.013308  0.006263  0.000705  0.004627 -0.001745  0.005911  0.008769  0.002954  0.011427  0.035524  0.000695  0.007781  0.003993 -0.000099 -0.000040  0.015264  0.020957 -0.002160  0.007345  0.011118  0.025126 -0.011843  0.028372  0.012913  0.009078  0.008285  0.004119  0.005931  0.009577  0.016602  0.004934  0.005808  0.014918  0.006486  0.000680  0.004623  0.010533  0.006751  0.019001 -0.026246  0.035414  0.004871  0.002951
992902.81              Corporation for National and Community Service  0.013308  0.006263  0.000705  0.004627 -0.001745  0.005911  0.008769  0.002954  0.011427  0.035524  0.000695  0.007781  0.003993 -0.000099 -0.000040  0.015264  0.020957 -0.002160  0.007345  0.011118  0.025126 -0.011843  0.028372  0.012913  0.009078  0.008285  0.004119  0.005931  0.009577  0.016602  0.004934  0.005808  0.014918  0.006486  0.000680  0.004623  0.010533  0.006751  0.019001 -0.026246  0.035414  0.004871  0.002951
239991.20              Corporation for National and Community Service  0.013308  0.006263  0.000705  0.004627 -0.001745  0.005911  0.008769  0.002954  0.011427  0.035524  0.000695  0.007781  0.003993 -0.000099 -0.000040  0.015264  0.020957 -0.002160  0.007345  0.011118  0.025126 -0.011843  0.028372  0.012913  0.009078  0.008285  0.004119  0.005931  0.009577  0.016602  0.004934  0.005808  0.014918  0.006486  0.000680  0.004623  0.010533  0.006751  0.019001 -0.026246  0.035414  0.004871  0.002951
896034.14              Corporation for National and Community Service  0.013308  0.006263  0.000705  0.004627 -0.001745  0.005911  0.008769  0.002954  0.011427  0.035524  0.000695  0.007781  0.003993 -0.000099 -0.000040  0.015264  0.020957 -0.002160  0.007345  0.011118  0.025126 -0.011843  0.028372  0.012913  0.009078  0.008285  0.004119  0.005931  0.009577  0.016602  0.004934  0.005808  0.014918  0.006486  0.000680  0.004623  0.010533  0.006751  0.019001 -0.026246  0.035414  0.004871  0.002951
758260.87              Corporation for National and Community Service  0.013308  0.006263  0.000705  0.004627 -0.001745  0.005911  0.008769  0.002954  0.011427  0.035524  0.000695  0.007781  0.003993 -0.000099 -0.000040  0.015264  0.020957 -0.002160  0.007345  0.011118  0.025126 -0.011843  0.028372  0.012913  0.009078  0.008285  0.004119  0.005931  0.009577  0.016602  0.004934  0.005808  0.014918  0.006486  0.000680  0.004623  0.010533  0.006751  0.019001 -0.026246  0.035414  0.004871  0.002951
330941.90              Corporation for National and Community Service  0.084288  0.053566  0.060620  0.010200  0.031631  0.030449  0.023388  0.039885 -0.029293  0.074185 -0.002968  0.115445 -0.025547 -0.036821  0.030798 -0.011166 -0.000664 -0.009051  0.021193  0.021338 -0.009804 -0.026431  0.040740  0.055070 -0.018707 -0.022508 -0.028415  0.012245 -0.001979  0.052308  0.048109  0.131107 -0.002868 -0.003267 -0.007899  0.030797  0.037848  0.024283  0.038045 -0.025430  0.147510 -0.002424  0.017149
961154.12              Corporation for National and Community Service  0.084288  0.053566  0.060620  0.010200  0.031631  0.030449  0.023388  0.039885 -0.029293  0.074185 -0.002968  0.115445 -0.025547 -0.036821  0.030798 -0.011166 -0.000664 -0.009051  0.021193  0.021338 -0.009804 -0.026431  0.040740  0.055070 -0.018707 -0.022508 -0.028415  0.012245 -0.001979  0.052308  0.048109  0.131107 -0.002868 -0.003267 -0.007899  0.030797  0.037848  0.024283  0.038045 -0.025430  0.147510 -0.002424  0.017149
711897.90              Corporation for National and Community Service  0.084288  0.053566  0.060620  0.010200  0.031631  0.030449  0.023388  0.039885 -0.029293  0.074185 -0.002968  0.115445 -0.025547 -0.036821  0.030798 -0.011166 -0.000664 -0.009051  0.021193  0.021338 -0.009804 -0.026431  0.040740  0.055070 -0.018707 -0.022508 -0.028415  0.012245 -0.001979  0.052308  0.048109  0.131107 -0.002868 -0.003267 -0.007899  0.030797  0.037848  0.024283  0.038045 -0.025430  0.147510 -0.002424  0.017149
669892.49              Corporation for National and Community Service  0.084288  0.053566  0.060620  0.010200  0.031631  0.030449  0.023388  0.039885 -0.029293  0.074185 -0.002968  0.115445 -0.025547 -0.036821  0.030798 -0.011166 -0.000664 -0.009051  0.021193  0.021338 -0.009804 -0.026431  0.040740  0.055070 -0.018707 -0.022508 -0.028415  0.012245 -0.001979  0.052308  0.048109  0.131107 -0.002868 -0.003267 -0.007899  0.030797  0.037848  0.024283  0.038045 -0.025430  0.147510 -0.002424  0.017149
502408.94              Corporation for National and Community Service  0.084288  0.053566  0.060620  0.010200  0.031631  0.030449  0.023388  0.039885 -0.029293  0.074185 -0.002968  0.115445 -0.025547 -0.036821  0.030798 -0.011166 -0.000664 -0.009051  0.021193  0.021338 -0.009804 -0.026431  0.040740  0.055070 -0.018707 -0.022508 -0.028415  0.012245 -0.001979  0.052308  0.048109  0.131107 -0.002868 -0.003267 -0.007899  0.030797  0.037848  0.024283  0.038045 -0.025430  0.147510 -0.002424  0.017149
80864.11               Corporation for National and Community Service  0.084288  0.053566  0.060620  0.010200  0.031631  0.030449  0.023388  0.039885 -0.029293  0.074185 -0.002968  0.115445 -0.025547 -0.036821  0.030798 -0.011166 -0.000664 -0.009051  0.021193  0.021338 -0.009804 -0.026431  0.040740  0.055070 -0.018707 -0.022508 -0.028415  0.012245 -0.001979  0.052308  0.048109  0.131107 -0.002868 -0.003267 -0.007899  0.030797  0.037848  0.024283  0.038045 -0.025430  0.147510 -0.002424  0.017149
534732.80              Corporation for National and Community Service  0.084288  0.053566  0.060620  0.010200  0.031631  0.030449  0.023388  0.039885 -0.029293  0.074185 -0.002968  0.115445 -0.025547 -0.036821  0.030798 -0.011166 -0.000664 -0.009051  0.021193  0.021338 -0.009804 -0.026431  0.040740  0.055070 -0.018707 -0.022508 -0.028415  0.012245 -0.001979  0.052308  0.048109  0.131107 -0.002868 -0.003267 -0.007899  0.030797  0.037848  0.024283  0.038045 -0.025430  0.147510 -0.002424  0.017149
416631.43              Corporation for National and Community Service  0.084288  0.053566  0.060620  0.010200  0.031631  0.030449  0.023388  0.039885 -0.029293  0.074185 -0.002968  0.115445 -0.025547 -0.036821  0.030798 -0.011166 -0.000664 -0.009051  0.021193  0.021338 -0.009804 -0.026431  0.040740  0.055070 -0.018707 -0.022508 -0.028415  0.012245 -0.001979  0.052308  0.048109  0.131107 -0.002868 -0.003267 -0.007899  0.030797  0.037848  0.024283  0.038045 -0.025430  0.147510 -0.002424  0.017149
714277.27              Corporation for National and Community Service  0.084288  0.053566  0.060620  0.010200  0.031631  0.030449  0.023388  0.039885 -0.029293  0.074185 -0.002968  0.115445 -0.025547 -0.036821  0.030798 -0.011166 -0.000664 -0.009051  0.021193  0.021338 -0.009804 -0.026431  0.040740  0.055070 -0.018707 -0.022508 -0.028415  0.012245 -0.001979  0.052308  0.048109  0.131107 -0.002868 -0.003267 -0.007899  0.030797  0.037848  0.024283  0.038045 -0.025430  0.147510 -0.002424  0.017149
244951.46              Corporation for National and Community Service  0.084288  0.053566  0.060620  0.010200  0.031631  0.030449  0.023388  0.039885 -0.029293  0.074185 -0.002968  0.115445 -0.025547 -0.036821  0.030798 -0.011166 -0.000664 -0.009051  0.021193  0.021338 -0.009804 -0.026431  0.040740  0.055070 -0.018707 -0.022508 -0.028415  0.012245 -0.001979  0.052308  0.048109  0.131107 -0.002868 -0.003267 -0.007899  0.030797  0.037848  0.024283  0.038045 -0.025430  0.147510 -0.002424  0.017149
988218.18              Corporation for National and Community Service  0.084288  0.053566  0.060620  0.010200  0.031631  0.030449  0.023388  0.039885 -0.029293  0.074185 -0.002968  0.115445 -0.025547 -0.036821  0.030798 -0.011166 -0.000664 -0.009051  0.021193  0.021338 -0.009804 -0.026431  0.040740  0.055070 -0.018707 -0.022508 -0.028415  0.012245 -0.001979  0.052308  0.048109  0.131107 -0.002868 -0.003267 -0.007899  0.030797  0.037848  0.024283  0.038045 -0.025430  0.147510 -0.002424  0.017149
535689.66              Corporation for National and Community Service  0.084288  0.053566  0.060620  0.010200  0.031631  0.030449  0.023388  0.039885 -0.029293  0.074185 -0.002968  0.115445 -0.025547 -0.036821  0.030798 -0.011166 -0.000664 -0.009051  0.021193  0.021338 -0.009804 -0.026431  0.040740  0.055070 -0.018707 -0.022508 -0.028415  0.012245 -0.001979  0.052308  0.048109  0.131107 -0.002868 -0.003267 -0.007899  0.030797  0.037848  0.024283  0.038045 -0.025430  0.147510 -0.002424  0.017149
806670.39              Corporation for National and Community Service  0.084288  0.053566  0.060620  0.010200  0.031631  0.030449  0.023388  0.039885 -0.029293  0.074185 -0.002968  0.115445 -0.025547 -0.036821  0.030798 -0.011166 -0.000664 -0.009051  0.021193  0.021338 -0.009804 -0.026431  0.040740  0.055070 -0.018707 -0.022508 -0.028415  0.012245 -0.001979  0.052308  0.048109  0.131107 -0.002868 -0.003267 -0.007899  0.030797  0.037848  0.024283  0.038045 -0.025430  0.147510 -0.002424  0.017149
1474368.44             Corporation for National and Community Service -0.004774 -0.002289 -0.003620 -0.000536 -0.001697  0.001364  0.001289  0.007042 -0.012761 -0.035529 -0.015480  0.001128 -0.002525 -0.016313 -0.001792 -0.009551  0.002829 -0.021344  0.012009  0.017456 -0.061364 -0.011615  0.020859  0.002379  0.000487 -0.001905 -0.001144 -0.007172 -0.011281 -0.016921 -0.003441  0.000551  0.009263  0.000000 -0.003082  0.009264  0.043490 -0.025246  0.010008 -0.025443 -0.061457 -0.000989 -0.000996
323526.61              Corporation for National and Community Service -0.004774 -0.002289 -0.003620 -0.000536 -0.001697  0.001364  0.001289  0.007042 -0.012761 -0.035529 -0.015480  0.001128 -0.002525 -0.016313 -0.001792 -0.009551  0.002829 -0.021344  0.012009  0.017456 -0.061364 -0.011615  0.020859  0.002379  0.000487 -0.001905 -0.001144 -0.007172 -0.011281 -0.016921 -0.003441  0.000551  0.009263  0.000000 -0.003082  0.009264  0.043490 -0.025246  0.010008 -0.025443 -0.061457 -0.000989 -0.000996
919034.11              Corporation for National and Community Service -0.004774 -0.002289 -0.003620 -0.000536 -0.001697  0.001364  0.001289  0.007042 -0.012761 -0.035529 -0.015480  0.001128 -0.002525 -0.016313 -0.001792 -0.009551  0.002829 -0.021344  0.012009  0.017456 -0.061364 -0.011615  0.020859  0.002379  0.000487 -0.001905 -0.001144 -0.007172 -0.011281 -0.016921 -0.003441  0.000551  0.009263  0.000000 -0.003082  0.009264  0.043490 -0.025246  0.010008 -0.025443 -0.061457 -0.000989 -0.000996
427018.93              Corporation for National and Community Service -0.004774 -0.002289 -0.003620 -0.000536 -0.001697  0.001364  0.001289  0.007042 -0.012761 -0.035529 -0.015480  0.001128 -0.002525 -0.016313 -0.001792 -0.009551  0.002829 -0.021344  0.012009  0.017456 -0.061364 -0.011615  0.020859  0.002379  0.000487 -0.001905 -0.001144 -0.007172 -0.011281 -0.016921 -0.003441  0.000551  0.009263  0.000000 -0.003082  0.009264  0.043490 -0.025246  0.010008 -0.025443 -0.061457 -0.000989 -0.000996
492085.10              Corporation for National and Community Service  0.000218  0.003882 -0.002952  0.001448  0.001671  0.008005  0.017130 -0.015086  0.017639  0.031457  0.003931  0.006679 -0.003165 -0.008610 -0.013776 -0.004353 -0.008242 -0.000812  0.005130  0.013386  0.048426 -0.009605 -0.013622  0.000264  0.002434  0.020237  0.004462  0.006772  0.002127 -0.014317 -0.001194  0.002342  0.006001  0.003969 -0.006012  0.026649  0.011550 -0.030147  0.024843 -0.035820  0.005327  0.018317  0.009306
677415.91              Corporation for National and Community Service  0.000218  0.003882 -0.002952  0.001448  0.001671  0.008005  0.017130 -0.015086  0.017639  0.031457  0.003931  0.006679 -0.003165 -0.008610 -0.013776 -0.004353 -0.008242 -0.000812  0.005130  0.013386  0.048426 -0.009605 -0.013622  0.000264  0.002434  0.020237  0.004462  0.006772  0.002127 -0.014317 -0.001194  0.002342  0.006001  0.003969 -0.006012  0.026649  0.011550 -0.030147  0.024843 -0.035820  0.005327  0.018317  0.009306
380872.09              Corporation for National and Community Service  0.000218  0.003882 -0.002952  0.001448  0.001671  0.008005  0.017130 -0.015086  0.017639  0.031457  0.003931  0.006679 -0.003165 -0.008610 -0.013776 -0.004353 -0.008242 -0.000812  0.005130  0.013386  0.048426 -0.009605 -0.013622  0.000264  0.002434  0.020237  0.004462  0.006772  0.002127 -0.014317 -0.001194  0.002342  0.006001  0.003969 -0.006012  0.026649  0.011550 -0.030147  0.024843 -0.035820  0.005327  0.018317  0.009306
986727.89              Corporation for National and Community Service  0.000218  0.003882 -0.002952  0.001448  0.001671  0.008005  0.017130 -0.015086  0.017639  0.031457  0.003931  0.006679 -0.003165 -0.008610 -0.013776 -0.004353 -0.008242 -0.000812  0.005130  0.013386  0.048426 -0.009605 -0.013622  0.000264  0.002434  0.020237  0.004462  0.006772  0.002127 -0.014317 -0.001194  0.002342  0.006001  0.003969 -0.006012  0.026649  0.011550 -0.030147  0.024843 -0.035820  0.005327  0.018317  0.009306
642827.98              Corporation for National and Community Service  0.000218  0.003882 -0.002952  0.001448  0.001671  0.008005  0.017130 -0.015086  0.017639  0.031457  0.003931  0.006679 -0.003165 -0.008610 -0.013776 -0.004353 -0.008242 -0.000812  0.005130  0.013386  0.048426 -0.009605 -0.013622  0.000264  0.002434  0.020237  0.004462  0.006772  0.002127 -0.014317 -0.001194  0.002342  0.006001  0.003969 -0.006012  0.026649  0.011550 -0.030147  0.024843 -0.035820  0.005327  0.018317  0.009306
229576.92              Corporation for National and Community Service  0.000218  0.003882 -0.002952  0.001448  0.001671  0.008005  0.017130 -0.015086  0.017639  0.031457  0.003931  0.006679 -0.003165 -0.008610 -0.013776 -0.004353 -0.008242 -0.000812  0.005130  0.013386  0.048426 -0.009605 -0.013622  0.000264  0.002434  0.020237  0.004462  0.006772  0.002127 -0.014317 -0.001194  0.002342  0.006001  0.003969 -0.006012  0.026649  0.011550 -0.030147  0.024843 -0.035820  0.005327  0.018317  0.009306
11320.70               Corporation for National and Community Service  0.000218  0.003882 -0.002952  0.001448  0.001671  0.008005  0.017130 -0.015086  0.017639  0.031457  0.003931  0.006679 -0.003165 -0.008610 -0.013776 -0.004353 -0.008242 -0.000812  0.005130  0.013386  0.048426 -0.009605 -0.013622  0.000264  0.002434  0.020237  0.004462  0.006772  0.002127 -0.014317 -0.001194  0.002342  0.006001  0.003969 -0.006012  0.026649  0.011550 -0.030147  0.024843 -0.035820  0.005327  0.018317  0.009306
544357.07              Corporation for National and Community Service  0.000218  0.003882 -0.002952  0.001448  0.001671  0.008005  0.017130 -0.015086  0.017639  0.031457  0.003931  0.006679 -0.003165 -0.008610 -0.013776 -0.004353 -0.008242 -0.000812  0.005130  0.013386  0.048426 -0.009605 -0.013622  0.000264  0.002434  0.020237  0.004462  0.006772  0.002127 -0.014317 -0.001194  0.002342  0.006001  0.003969 -0.006012  0.026649  0.011550 -0.030147  0.024843 -0.035820  0.005327  0.018317  0.009306
591113.00              Corporation for National and Community Service  0.000218  0.003882 -0.002952  0.001448  0.001671  0.008005  0.017130 -0.015086  0.017639  0.031457  0.003931  0.006679 -0.003165 -0.008610 -0.013776 -0.004353 -0.008242 -0.000812  0.005130  0.013386  0.048426 -0.009605 -0.013622  0.000264  0.002434  0.020237  0.004462  0.006772  0.002127 -0.014317 -0.001194  0.002342  0.006001  0.003969 -0.006012  0.026649  0.011550 -0.030147  0.024843 -0.035820  0.005327  0.018317  0.009306
280211.58              Corporation for National and Community Service  0.000218  0.003882 -0.002952  0.001448  0.001671  0.008005  0.017130 -0.015086  0.017639  0.031457  0.003931  0.006679 -0.003165 -0.008610 -0.013776 -0.004353 -0.008242 -0.000812  0.005130  0.013386  0.048426 -0.009605 -0.013622  0.000264  0.002434  0.020237  0.004462  0.006772  0.002127 -0.014317 -0.001194  0.002342  0.006001  0.003969 -0.006012  0.026649  0.011550 -0.030147  0.024843 -0.035820  0.005327  0.018317  0.009306
1196883.10             Corporation for National and Community Service  0.000218  0.003882 -0.002952  0.001448  0.001671  0.008005  0.017130 -0.015086  0.017639  0.031457  0.003931  0.006679 -0.003165 -0.008610 -0.013776 -0.004353 -0.008242 -0.000812  0.005130  0.013386  0.048426 -0.009605 -0.013622  0.000264  0.002434  0.020237  0.004462  0.006772  0.002127 -0.014317 -0.001194  0.002342  0.006001  0.003969 -0.006012  0.026649  0.011550 -0.030147  0.024843 -0.035820  0.005327  0.018317  0.009306
151000.00              Corporation for National and Community Service  0.000218  0.003882 -0.002952  0.001448  0.001671  0.008005  0.017130 -0.015086  0.017639  0.031457  0.003931  0.006679 -0.003165 -0.008610 -0.013776 -0.004353 -0.008242 -0.000812  0.005130  0.013386  0.048426 -0.009605 -0.013622  0.000264  0.002434  0.020237  0.004462  0.006772  0.002127 -0.014317 -0.001194  0.002342  0.006001  0.003969 -0.006012  0.026649  0.011550 -0.030147  0.024843 -0.035820  0.005327  0.018317  0.009306
570818.00              Corporation for National and Community Service  0.000654 -0.000855 -0.009793 -0.010538 -0.029469 -0.021291  0.062305 -0.018448 -0.010897  0.004414 -0.008940  0.002944 -0.007143 -0.031510 -0.002836  0.004069 -0.004897 -0.001421  0.003975  0.008176  0.016166  0.002966  0.003350 -0.013605  0.002489 -0.026198  0.003002 -0.002242 -0.016387 -0.020995 -0.003974  0.000412 -0.012047  0.013770 -0.006134 -0.022014 -0.004939 -0.003302 -0.012237 -0.013074 -0.057716 -0.006563 -0.007492
108967.92              Corporation for National and Community Service  0.000654 -0.000855 -0.009793 -0.010538 -0.029469 -0.021291  0.062305 -0.018448 -0.010897  0.004414 -0.008940  0.002944 -0.007143 -0.031510 -0.002836  0.004069 -0.004897 -0.001421  0.003975  0.008176  0.016166  0.002966  0.003350 -0.013605  0.002489 -0.026198  0.003002 -0.002242 -0.016387 -0.020995 -0.003974  0.000412 -0.012047  0.013770 -0.006134 -0.022014 -0.004939 -0.003302 -0.012237 -0.013074 -0.057716 -0.006563 -0.007492
526390.90              Corporation for National and Community Service  0.000654 -0.000855 -0.009793 -0.010538 -0.029469 -0.021291  0.062305 -0.018448 -0.010897  0.004414 -0.008940  0.002944 -0.007143 -0.031510 -0.002836  0.004069 -0.004897 -0.001421  0.003975  0.008176  0.016166  0.002966  0.003350 -0.013605  0.002489 -0.026198  0.003002 -0.002242 -0.016387 -0.020995 -0.003974  0.000412 -0.012047  0.013770 -0.006134 -0.022014 -0.004939 -0.003302 -0.012237 -0.013074 -0.057716 -0.006563 -0.007492