                      awarding_agency_name       BAC     BRK.B     CMCSA      COST       CRM      CSCO       DIS     GOOGL        HD      INTC       JNJ       JPM        KO       LLY        MA       MCD      META       MRK      MSFT      NFLX       NGL     NSRGY      NVDA      ORCL       PEP       PFE        PG         T       TMO       UNH         V       WFC       WMT      AAPL       ABT       ACN      ADBE       AMD      AMZN        BA      TSLA        VZ       XOM
total_outlayed_amount                                                                                                                                                                                                                                                                                                                                                                                                                                                                   
 106630.40             Department of State -0.000751  0.000662  0.009615  0.019265  0.024599  0.004190  0.001299  0.008590  0.014998  0.042002  0.001003 -0.000853  0.002463  0.017053  0.011724  0.003490  0.013868 -0.000645  0.012624  0.028265  0.038877 -0.004924  0.040479  0.025887  0.019197 -0.000685  0.006223  0.003673 -0.005678 -0.003393  0.004273  0.002449  0.007712  0.018404  0.011203  0.010034  0.018346  0.010704  0.010619 -0.008082  0.015239  0.003878 -0.026561
 499998.00             Department of State -0.005474 -0.002128 -0.007246 -0.017017  0.007815 -0.000373 -0.006517  0.001359 -0.014685 -0.010230 -0.000871 -0.002718 -0.004600 -0.009840 -0.003860  0.000691 -0.011312 -0.007890 -0.003881  0.003932 -0.002079  0.001231  0.016283 -0.016153  0.002608 -0.028155 -0.001890 -0.032376 -0.009111  0.010960  0.001950  0.003650 -0.009826 -0.002178 -0.002846 -0.010984  0.019207 -0.039995  0.007993 -0.018411 -0.009459 -0.026298  0.008600
 80000.00              Department of State  0.005488  0.005870  0.003336  0.005451 -0.011281 -0.003501 -0.007897  0.003031  0.000385 -0.033276  0.015470  0.004109  0.000000 -0.017418  0.001125  0.011296 -0.007029  0.016775 -0.000954 -0.009846 -0.040000 -0.003583 -0.046860 -0.011526 -0.001136  0.012380  0.006145  0.011759 -0.005416 -0.081120 -0.004952  0.013996  0.016939  0.011025 -0.010235  0.011135 -0.003179 -0.052218  0.000800  0.022552  0.001871  0.012734 -0.030061
 18651550.00           Department of State  0.015662  0.006506  0.003325 -0.008082  0.008705  0.042530  0.026852 -0.001813  0.007291 -0.015446  0.001097  0.005621  0.003270  0.003394  0.013485 -0.001340 -0.016170 -0.009952 -0.006257 -0.005638  0.000000 -0.005754  0.031307  0.003906 -0.008073  0.007812 -0.006856  0.009298 -0.014937  0.027054  0.029468  0.013644 -0.005266 -0.008852  0.015252  0.009765 -0.010806 -0.003256 -0.004262  0.016738  0.008016  0.003887  0.002576
 78593.54              Department of State -0.006573 -0.002254 -0.007104  0.004823  0.006286  0.006383  0.007665  0.003007 -0.001444  0.014706  0.003952  0.004233  0.007725  0.000927  0.005022  0.005910 -0.000797 -0.009567  0.003456  0.110870  0.000000  0.003643  0.007814 -0.005635  0.002233 -0.001708 -0.005805  0.005522  0.004105  0.006325  0.000792 -0.000311  0.005192  0.012277  0.012724  0.004558 -0.003885 -0.001792  0.007785 -0.001996 -0.000860  0.003193 -0.002825
 239735.81             Department of State  0.012931 -0.005839  0.025043  0.007578 -0.010162  0.000177  0.001242  0.006522 -0.011196 -0.019264  0.003808  0.005022  0.000000  0.003333 -0.003864 -0.000635  0.011910  0.002821  0.020846 -0.010142  0.004785 -0.011841 -0.000835  0.008920 -0.003657 -0.003111  0.000944 -0.007387 -0.015100 -0.002817 -0.007181  0.012340  0.014973 -0.002622 -0.007437 -0.011276 -0.009242 -0.024129  0.003332  0.000375 -0.004021 -0.050343  0.005163
 70045.36              Department of State  0.012931 -0.005839  0.025043  0.007578 -0.010162  0.000177  0.001242  0.006522 -0.011196 -0.019264  0.003808  0.005022  0.000000  0.003333 -0.003864 -0.000635  0.011910  0.002821  0.020846 -0.010142  0.004785 -0.011841 -0.000835  0.008920 -0.003657 -0.003111  0.000944 -0.007387 -0.015100 -0.002817 -0.007181  0.012340  0.014973 -0.002622 -0.007437 -0.011276 -0.009242 -0.024129  0.003332  0.000375 -0.004021 -0.050343  0.005163
 1130000.00            Department of State  0.012931 -0.005839  0.025043  0.007578 -0.010162  0.000177  0.001242  0.006522 -0.011196 -0.019264  0.003808  0.005022  0.000000  0.003333 -0.003864 -0.000635  0.011910  0.002821  0.020846 -0.010142  0.004785 -0.011841 -0.000835  0.008920 -0.003657 -0.003111  0.000944 -0.007387 -0.015100 -0.002817 -0.007181  0.012340  0.014973 -0.002622 -0.007437 -0.011276 -0.009242 -0.024129  0.003332  0.000375 -0.004021 -0.050343  0.005163
 134915.91             Department of State  0.012931 -0.005839  0.025043  0.007578 -0.010162  0.000177  0.001242  0.006522 -0.011196 -0.019264  0.003808  0.005022  0.000000  0.003333 -0.003864 -0.000635  0.011910  0.002821  0.020846 -0.010142  0.004785 -0.011841 -0.000835  0.008920 -0.003657 -0.003111  0.000944 -0.007387 -0.015100 -0.002817 -0.007181  0.012340  0.014973 -0.002622 -0.007437 -0.011276 -0.009242 -0.024129  0.003332  0.000375 -0.004021 -0.050343  0.005163
 14703.00              Department of State  0.012931 -0.005839  0.025043  0.007578 -0.010162  0.000177  0.001242  0.006522 -0.011196 -0.019264  0.003808  0.005022  0.000000  0.003333 -0.003864 -0.000635  0.011910  0.002821  0.020846 -0.010142  0.004785 -0.011841 -0.000835  0.008920 -0.003657 -0.003111  0.000944 -0.007387 -0.015100 -0.002817 -0.007181  0.012340  0.014973 -0.002622 -0.007437 -0.011276 -0.009242 -0.024129  0.003332  0.000375 -0.004021 -0.050343  0.005163
 248988.02             Department of State  0.000946 -0.001820  0.000120  0.006357 -0.013526 -0.005654 -0.005168 -0.014291 -0.005500 -0.018750  0.014745 -0.003168 -0.020734 -0.006490  0.001384 -0.051225 -0.031477 -0.002438 -0.006807 -0.019562 -0.004762 -0.001320 -0.028066 -0.012606 -0.008144  0.000693 -0.000707  0.046047 -0.016866 -0.009160 -0.003617 -0.003857  0.015240 -0.021623  0.007664 -0.003120 -0.016386 -0.007658 -0.026305 -0.017638 -0.019819  0.032771 -0.003563
 3702.00               Department of State  0.007322 -0.006166  0.002407 -0.006395  0.008192 -0.005686 -0.008728 -0.000369  0.007607  0.016379 -0.013204  0.007027 -0.010440 -0.013208 -0.006054  0.010081  0.007256 -0.004700  0.000306  0.007020  0.004785 -0.006203  0.006091  0.007395 -0.004568 -0.007623  0.000236 -0.012895 -0.033149 -0.006783 -0.001903  0.013476 -0.002762 -0.000823 -0.004017 -0.017268 -0.004453  0.003466  0.009041 -0.011843  0.219190 -0.023332 -0.005654
 13500.00              Department of State  0.017427  0.009868  0.004321 -0.000292  0.011396 -0.008253  0.012312  0.008774  0.009977  0.010582  0.004475  0.014349 -0.003736  0.003237  0.001675  0.014285  0.008565  0.002404 -0.003644 -0.007367 -0.035461  0.001952 -0.007206 -0.006339 -0.011351  0.014411  0.006420  0.012826 -0.003319  0.001204  0.008732  0.016736  0.002909  0.008599 -0.001313  0.001441 -0.005540  0.023619  0.002981 -0.027869 -0.024815  0.005800 -0.004938
 791859.54             Department of State -0.002112 -0.008441  0.005497 -0.004456  0.017429  0.007236 -0.000728  0.017754 -0.019410 -0.000873 -0.009344 -0.011530 -0.016649  0.008921 -0.003798 -0.006031  0.026152 -0.004797  0.012565  0.013776 -0.014706 -0.019887  0.005195  0.005858 -0.013778 -0.013860 -0.012581  0.003166 -0.008633 -0.005502 -0.008128 -0.004725 -0.012689  0.001157 -0.005874  0.004760  0.009043  0.039582  0.012952  0.015197 -0.011390 -0.006968 -0.013625
 904060.00             Department of State -0.002112 -0.008441  0.005497 -0.004456  0.017429  0.007236 -0.000728  0.017754 -0.019410 -0.000873 -0.009344 -0.011530 -0.016649  0.008921 -0.003798 -0.006031  0.026152 -0.004797  0.012565  0.013776 -0.014706 -0.019887  0.005195  0.005858 -0.013778 -0.013860 -0.012581  0.003166 -0.008633 -0.005502 -0.008128 -0.004725 -0.012689  0.001157 -0.005874  0.004760  0.009043  0.039582  0.012952  0.015197 -0.011390 -0.006968 -0.013625
 422182.07             Department of State -0.005173  0.000748  0.004041 -0.008907 -0.008331 -0.001616 -0.010923  0.028171 -0.006455 -0.026201  0.003248  0.006774  0.005491 -0.062806  0.014636 -0.011797 -0.002495  0.010604  0.001343 -0.007506  0.014925 -0.007008 -0.013558  0.006516 -0.007701  0.002108 -0.006042 -0.007214  0.005203  0.001477  0.029374  0.001685 -0.003794 -0.015278  0.009259 -0.045367  0.002658 -0.106165  0.009957  0.008563 -0.007591 -0.001210 -0.005031
 3762162.58            Department of State -0.011581 -0.008880  0.033854 -0.005585 -0.016970 -0.014751  0.011780 -0.019202  0.003134 -0.034978 -0.004670 -0.011096 -0.009254 -0.020181 -0.027448  0.002024 -0.040926 -0.023944 -0.060528  0.003038 -0.019608 -0.004424 -0.047188 -0.038497 -0.000782 -0.007714 -0.005898  0.023615 -0.007809  0.002736 -0.001068 -0.007491  0.006880 -0.018209 -0.009436 -0.005049 -0.017671 -0.030485 -0.032844 -0.032277 -0.029897  0.020591  0.000771
 1632090.00            Department of State -0.011581 -0.008880  0.033854 -0.005585 -0.016970 -0.014751  0.011780 -0.019202  0.003134 -0.034978 -0.004670 -0.011096 -0.009254 -0.020181 -0.027448  0.002024 -0.040926 -0.023944 -0.060528  0.003038 -0.019608 -0.004424 -0.047188 -0.038497 -0.000782 -0.007714 -0.005898  0.023615 -0.007809  0.002736 -0.001068 -0.007491  0.006880 -0.018209 -0.009436 -0.005049 -0.017671 -0.030485 -0.032844 -0.032277 -0.029897  0.020591  0.000771
 45736.20              Department of State -0.010297 -0.021785 -0.023646  0.009985  0.011163  0.005946 -0.000209 -0.011968  0.007591 -0.029310 -0.011803 -0.014174  0.001538 -0.015618 -0.004920 -0.007994 -0.011425 -0.000098 -0.004654 -0.000780 -0.014851 -0.003057  0.004801 -0.002529  0.004529 -0.011748 -0.000121 -0.009042 -0.004391 -0.017249  0.003818 -0.015152  0.003163 -0.004038 -0.008010 -0.005120 -0.003003 -0.008107 -0.010862  0.003105 -0.024661 -0.007253  0.031840
 1490778.55            Department of State -0.010297 -0.021785 -0.023646  0.009985  0.011163  0.005946 -0.000209 -0.011968  0.007591 -0.029310 -0.011803 -0.014174  0.001538 -0.015618 -0.004920 -0.007994 -0.011425 -0.000098 -0.004654 -0.000780 -0.014851 -0.003057  0.004801 -0.002529  0.004529 -0.011748 -0.000121 -0.009042 -0.004391 -0.017249  0.003818 -0.015152  0.003163 -0.004038 -0.008010 -0.005120 -0.003003 -0.008107 -0.010862  0.003105 -0.024661 -0.007253  0.031840
 120382.68             Department of State -0.010297 -0.021785 -0.023646  0.009985  0.011163  0.005946 -0.000209 -0.011968  0.007591 -0.029310 -0.011803 -0.014174  0.001538 -0.015618 -0.004920 -0.007994 -0.011425 -0.000098 -0.004654 -0.000780 -0.014851 -0.003057  0.004801 -0.002529  0.004529 -0.011748 -0.000121 -0.009042 -0.004391 -0.017249  0.003818 -0.015152  0.003163 -0.004038 -0.008010 -0.005120 -0.003003 -0.008107 -0.010862  0.003105 -0.024661 -0.007253  0.031840
-3316.44               Department of State  0.013308  0.006263  0.000705  0.004627 -0.001745  0.005911  0.008769  0.002954  0.011427  0.035524  0.000695  0.007781  0.003993 -0.000099 -0.000040  0.015264  0.020957 -0.002160  0.007345  0.011118  0.025126 -0.011843  0.028372  0.012913  0.009078  0.008285  0.004119  0.005931  0.009577  0.016602  0.004934  0.005808  0.014918  0.006486  0.000680  0.004623  0.010533  0.006751  0.019001 -0.026246  0.035414  0.004871  0.002951
 2200.00               Department of State  0.013308  0.006263  0.000705  0.004627 -0.001745  0.005911  0.008769  0.002954  0.011427  0.035524  0.000695  0.007781  0.003993 -0.000099 -0.000040  0.015264  0.020957 -0.002160  0.007345  0.011118  0.025126 -0.011843  0.028372  0.012913  0.009078  0.008285  0.004119  0.005931  0.009577  0.016602  0.004934  0.005808  0.014918  0.006486  0.000680  0.004623  0.010533  0.006751  0.019001 -0.026246  0.035414  0.004871  0.002951
 1541330.00            Department of State  0.084288  0.053566  0.060620  0.010200  0.031631  0.030449  0.023388  0.039885 -0.029293  0.074185 -0.002968  0.115445 -0.025547 -0.036821  0.030798 -0.011166 -0.000664 -0.009051  0.021193  0.021338 -0.009804 -0.026431  0.040740  0.055070 -0.018707 -0.022508 -0.028415  0.012245 -0.001979  0.052308  0.048109  0.131107 -0.002868 -0.003267 -0.007899  0.030797  0.037848  0.024283  0.038045 -0.025430  0.147510 -0.002424  0.017149
 257776.23             Department of State  0.008041  0.007128 -0.006336  0.032683  0.035942 -0.000344  0.000910 -0.013278  0.016173 -0.001144 -0.008039  0.002538  0.004084  0.042749  0.013285  0.014627 -0.003989  0.017298 -0.006793 -0.001883  0.007194 -0.004512 -0.008396  0.015453  0.006768 -0.026948  0.026314  0.013612 -0.007466  0.017111  0.006769  0.003151  0.011688 -0.002286  0.011188 -0.014361 -0.012457 -0.012482 -0.008903  0.004636  0.081877 -0.002218 -0.000330
 533482.00             Department of State -0.004774 -0.002289 -0.003620 -0.000536 -0.001697  0.001364  0.001289  0.007042 -0.012761 -0.035529 -0.015480  0.001128 -0.002525 -0.016313 -0.001792 -0.009551  0.002829 -0.021344  0.012009  0.017456 -0.061364 -0.011615  0.020859  0.002379  0.000487 -0.001905 -0.001144 -0.007172 -0.011281 -0.016921 -0.003441  0.000551  0.009263  0.000000 -0.003082  0.009264  0.043490 -0.025246  0.010008 -0.025443 -0.061457 -0.000989 -0.000996
 3085596.74            Department of State -0.004774 -0.002289 -0.003620 -0.000536 -0.001697  0.001364  0.001289  0.007042 -0.012761 -0.035529 -0.015480  0.001128 -0.002525 -0.016313 -0.001792 -0.009551  0.002829 -0.021344  0.012009  0.017456 -0.061364 -0.011615  0.020859  0.002379  0.000487 -0.001905 -0.001144 -0.007172 -0.011281 -0.016921 -0.003441  0.000551  0.009263  0.000000 -0.003082  0.009264  0.043490 -0.025246  0.010008 -0.025443 -0.061457 -0.000989 -0.000996
 285134.39             Department of State -0.004774 -0.002289 -0.003620 -0.000536 -0.001697  0.001364  0.001289  0.007042 -0.012761 -0.035529 -0.015480  0.001128 -0.002525 -0.016313 -0.001792 -0.009551  0.002829 -0.021344  0.012009  0.017456 -0.061364 -0.011615  0.020859  0.002379  0.000487 -0.001905 -0.001144 -0.007172 -0.011281 -0.016921 -0.003441  0.000551  0.009263  0.000000 -0.003082  0.009264  0.043490 -0.025246  0.010008 -0.025443 -0.061457 -0.000989 -0.000996
 191669.77             Department of State  0.000218  0.003882 -0.002952  0.001448  0.001671  0.008005  0.017130 -0.015086  0.017639  0.031457  0.003931  0.006679 -0.003165 -0.008610 -0.013776 -0.004353 -0.008242 -0.000812  0.005130  0.013386  0.048426 -0.009605 -0.013622  0.000264  0.002434  0.020237  0.004462  0.006772  0.002127 -0.014317 -0.001194  0.002342  0.006001  0.003969 -0.006012  0.026649  0.011550 -0.030147  0.024843 -0.035820  0.005327  0.018317  0.009306
 156786.76             Department of State  0.000654 -0.000855 -0.009793 -0.010538 -0.029469 -0.021291  0.062305 -0.018448 -0.010897  0.004414 -0.008940  0.002944 -0.007143 -0.031510 -0.002836  0.004069 -0.004897 -0.001421  0.003975  0.008176  0.016166  0.002966  0.003350 -0.013605  0.002489 -0.026198  0.003002 -0.002242 -0.016387 -0.020995 -0.003974  0.000412 -0.012047  0.013770 -0.006134 -0.022014 -0.004939 -0.003302 -0.012237 -0.013074 -0.057716 -0.006563 -0.007492
 953333.00             Department of State  0.000654 -0.000855 -0.009793 -0.010538 -0.029469 -0.021291  0.062305 -0.018448 -0.010897  0.004414 -0.008940  0.002944 -0.007143 -0.031510 -0.002836  0.004069 -0.004897 -0.001421  0.003975  0.008176  0.016166  0.002966  0.003350 -0.013605  0.002489 -0.026198  0.003002 -0.002242 -0.016387 -0.020995 -0.003974  0.000412 -0.012047  0.013770 -0.006134 -0.022014 -0.004939 -0.003302 -0.012237 -0.013074 -0.057716 -0.006563 -0.007492
 5346998.00            Department of State  0.018519  0.005516 -0.013799 -0.018206 -0.019267 -0.007942  0.054619 -0.017599  0.006063 -0.027167  0.014025  0.014223 -0.012950 -0.050914  0.002863 -0.019862 -0.039989 -0.020842 -0.027853 -0.015885 -0.025000 -0.008531 -0.032570 -0.017696 -0.039540 -0.046887  0.014723  0.019326 -0.037409 -0.001551  0.004509  0.021154 -0.002604 -0.014109  0.007563 -0.023476 -0.050012 -0.028378 -0.041943  0.014840  0.030657  0.019085 -0.010368
 708548.00             Department of State -0.006635 -0.007073 -0.015814  0.011571  0.003662 -0.005235 -0.009864  0.016087 -0.008869 -0.025765 -0.011436 -0.007917  0.011801  0.003479 -0.004160 -0.001271  0.012067 -0.000207  0.004883  0.028652  0.004630 -0.016593  0.048948  0.017068 -0.010169  0.009654  0.000059 -0.011309  0.015620 -0.021453 -0.000993 -0.008908  0.029971  0.001140 -0.001960  0.003288  0.000200  0.003311  0.014427  0.012025  0.021432 -0.007574 -0.013964
 16750.78              Department of State -0.007541 -0.000064  0.015832 -0.002225  0.007019  0.008595  0.016367 -0.012014 -0.016716 -0.007851  0.000719 -0.009503  0.006391  0.032450 -0.013322  0.000619  0.007895  0.009323 -0.005505  0.014380  0.036866 -0.002870 -0.007619  0.009794  0.012889 -0.006375  0.000761  0.004399  0.007307  0.040728 -0.014302  0.002043  0.006697  0.003154 -0.010245  0.008815 -0.000220 -0.012842 -0.008455  0.003297 -0.011474  0.006916  0.014246
 13778376.76           Department of State -0.007541 -0.000064  0.015832 -0.002225  0.007019  0.008595  0.016367 -0.012014 -0.016716 -0.007851  0.000719 -0.009503  0.006391  0.032450 -0.013322  0.000619  0.007895  0.009323 -0.005505  0.014380  0.036866 -0.002870 -0.007619  0.009794  0.012889 -0.006375  0.000761  0.004399  0.007307  0.040728 -0.014302  0.002043  0.006697  0.003154 -0.010245  0.008815 -0.000220 -0.012842 -0.008455  0.003297 -0.011474  0.006916  0.014246
 18137015.97           Department of State  0.008684  0.006889  0.011863  0.029706  0.030949  0.001043  0.004026 -0.047449  0.026125  0.017909  0.015610  0.016530  0.012224 -0.004632  0.004995 -0.008387 -0.004297  0.024836 -0.006306  0.015421 -0.011111 -0.013699  0.005346  0.008807  0.010079  0.007618  0.010884  0.006570  0.006357 -0.005012  0.008166  0.016988  0.013879 -0.002096  0.011472  0.011146  0.009890 -0.000799 -0.022181 -0.018278 -0.006988  0.006632  0.013381
 11695614.54           Department of State  0.008684  0.006889  0.011863  0.029706  0.030949  0.001043  0.004026 -0.047449  0.026125  0.017909  0.015610  0.016530  0.012224 -0.004632  0.004995 -0.008387 -0.004297  0.024836 -0.006306  0.015421 -0.011111 -0.013699  0.005346  0.008807  0.010079  0.007618  0.010884  0.006570  0.006357 -0.005012  0.008166  0.016988  0.013879 -0.002096  0.011472  0.011146  0.009890 -0.000799 -0.022181 -0.018278 -0.006988  0.006632  0.013381
 5496763.44            Department of State  0.008684  0.006889  0.011863  0.029706  0.030949  0.001043  0.004026 -0.047449  0.026125  0.017909  0.015610  0.016530  0.012224 -0.004632  0.004995 -0.008387 -0.004297  0.024836 -0.006306  0.015421 -0.011111 -0.013699  0.005346  0.008807  0.010079  0.007618  0.010884  0.006570  0.006357 -0.005012  0.008166  0.016988  0.013879 -0.002096  0.011472  0.011146  0.009890 -0.000799 -0.022181 -0.018278 -0.006988  0.006632  0.013381
 12920.00              Department of State  0.008684  0.006889  0.011863  0.029706  0.030949  0.001043  0.004026 -0.047449  0.026125  0.017909  0.015610  0.016530  0.012224 -0.004632  0.004995 -0.008387 -0.004297  0.024836 -0.006306  0.015421 -0.011111 -0.013699  0.005346  0.008807  0.010079  0.007618  0.010884  0.006570  0.006357 -0.005012  0.008166  0.016988  0.013879 -0.002096  0.011472  0.011146  0.009890 -0.000799 -0.022181 -0.018278 -0.006988  0.006632  0.013381
 694272.51             Department of State  0.008684  0.006889  0.011863  0.029706  0.030949  0.001043  0.004026 -0.047449  0.026125  0.017909  0.015610  0.016530  0.012224 -0.004632  0.004995 -0.008387 -0.004297  0.024836 -0.006306  0.015421 -0.011111 -0.013699  0.005346  0.008807  0.010079  0.007618  0.010884  0.006570  0.006357 -0.005012  0.008166  0.016988  0.013879 -0.002096  0.011472  0.011146  0.009890 -0.000799 -0.022181 -0.018278 -0.006988  0.006632  0.013381
 241946.69             Department of State  0.011623  0.009554 -0.000690  0.008748  0.018584  0.017199  0.008107 -0.017121  0.023267  0.002455 -0.002122  0.015485  0.002509 -0.002547  0.011182  0.006274 -0.007015 -0.006810  0.010003  0.000345 -0.002247 -0.007003 -0.032181 -0.000728  0.010353  0.020692  0.020434  0.008703 -0.005503 -0.011080  0.000065  0.015101  0.023193  0.005908  0.004264 -0.006620  0.015284  0.006255 -0.006351  0.041001  0.038040  0.015294 -0.001148
 5647789.00            Department of State  0.011623  0.009554 -0.000690  0.008748  0.018584  0.017199  0.008107 -0.017121  0.023267  0.002455 -0.002122  0.015485  0.002509 -0.002547  0.011182  0.006274 -0.007015 -0.006810  0.010003  0.000345 -0.002247 -0.007003 -0.032181 -0.000728  0.010353  0.020692  0.020434  0.008703 -0.005503 -0.011080  0.000065  0.015101  0.023193  0.005908  0.004264 -0.006620  0.015284  0.006255 -0.006351  0.041001  0.038040  0.015294 -0.001148
 1560422.00            Department of State  0.011623  0.009554 -0.000690  0.008748  0.018584  0.017199  0.008107 -0.017121  0.023267  0.002455 -0.002122  0.015485  0.002509 -0.002547  0.011182  0.006274 -0.007015 -0.006810  0.010003  0.000345 -0.002247 -0.007003 -0.032181 -0.000728  0.010353  0.020692  0.020434  0.008703 -0.005503 -0.011080  0.000065  0.015101  0.023193  0.005908  0.004264 -0.006620  0.015284  0.006255 -0.006351  0.041001  0.038040  0.015294 -0.001148
 296280.00             Department of State  0.011623  0.009554 -0.000690  0.008748  0.018584  0.017199  0.008107 -0.017121  0.023267  0.002455 -0.002122  0.015485  0.002509 -0.002547  0.011182  0.006274 -0.007015 -0.006810  0.010003  0.000345 -0.002247 -0.007003 -0.032181 -0.000728  0.010353  0.020692  0.020434  0.008703 -0.005503 -0.011080  0.000065  0.015101  0.023193  0.005908  0.004264 -0.006620  0.015284  0.006255 -0.006351  0.041001  0.038040  0.015294 -0.001148
 231000.00             Department of State  0.011623  0.009554 -0.000690  0.008748  0.018584  0.017199  0.008107 -0.017121  0.023267  0.002455 -0.002122  0.015485  0.002509 -0.002547  0.011182  0.006274 -0.007015 -0.006810  0.010003  0.000345 -0.002247 -0.007003 -0.032181 -0.000728  0.010353  0.020692  0.020434  0.008703 -0.005503 -0.011080  0.000065  0.015101  0.023193  0.005908  0.004264 -0.006620  0.015284  0.006255 -0.006351  0.041001  0.038040  0.015294 -0.001148
 1500829.14            Department of State  0.005263  0.002367 -0.012963  0.011042  0.012002  0.014471 -0.004741  0.008768  0.001983 -0.032971 -0.008088 -0.001279  0.002641  0.045457  0.003570  0.000473  0.014917  0.004547  0.021968  0.008099  0.034934 -0.000352  0.006617  0.012660 -0.005458 -0.015285  0.010824 -0.000433 -0.002373  0.001585 -0.004374  0.005852  0.020223  0.009404 -0.001439  0.005231  0.012666 -0.024162  0.031819 -0.015284 -0.001063  0.008868 -0.016671
 2589835.99            Department of State  0.005263  0.002367 -0.012963  0.011042  0.012002  0.014471 -0.004741  0.008768  0.001983 -0.032971 -0.008088 -0.001279  0.002641  0.045457  0.003570  0.000473  0.014917  0.004547  0.021968  0.008099  0.034934 -0.000352  0.006617  0.012660 -0.005458 -0.015285  0.010824 -0.000433 -0.002373  0.001585 -0.004374  0.005852  0.020223  0.009404 -0.001439  0.005231  0.012666 -0.024162  0.031819 -0.015284 -0.001063  0.008868 -0.016671