                        awarding_agency_name       BAC     BRK.B     CMCSA      COST       CRM      CSCO       DIS     GOOGL        HD      INTC       JNJ       JPM        KO       LLY        MA       MCD      META       MRK      MSFT      NFLX       NGL     NSRGY      NVDA      ORCL       PEP       PFE        PG         T       TMO       UNH         V       WFC       WMT      AAPL       ABT       ACN      ADBE       AMD      AMZN        BA      TSLA        VZ       XOM
total_outlayed_amount                                                                                                                                                                                                                                                                                                                                                                                                                                                                     
 853096.38             Department of Defense -0.011593 -0.006192 -0.001676 -0.010310 -0.010376 -0.009019 -0.022248  0.006874  0.009501 -0.032822 -0.000432 -0.018116 -0.002087 -0.001648  0.005225 -0.005024  0.007040  0.010391 -0.022333 -0.004427  0.000000 -0.001987 -0.036561 -0.019014  0.007821 -0.009330 -0.000924  0.005909 -0.009102 -0.002360  0.009638 -0.019472  0.006440 -0.029142 -0.003947 -0.004244 -0.028931 -0.026390 -0.006440  0.014338 -0.013798  0.006680  0.023119
 69392.64              Department of Defense -0.011593 -0.006192 -0.001676 -0.010310 -0.010376 -0.009019 -0.022248  0.006874  0.009501 -0.032822 -0.000432 -0.018116 -0.002087 -0.001648  0.005225 -0.005024  0.007040  0.010391 -0.022333 -0.004427  0.000000 -0.001987 -0.036561 -0.019014  0.007821 -0.009330 -0.000924  0.005909 -0.009102 -0.002360  0.009638 -0.019472  0.006440 -0.029142 -0.003947 -0.004244 -0.028931 -0.026390 -0.006440  0.014338 -0.013798  0.006680  0.023119
 1529202.13            Department of Defense -0.011593 -0.006192 -0.001676 -0.010310 -0.010376 -0.009019 -0.022248  0.006874  0.009501 -0.032822 -0.000432 -0.018116 -0.002087 -0.001648  0.005225 -0.005024  0.007040  0.010391 -0.022333 -0.004427  0.000000 -0.001987 -0.036561 -0.019014  0.007821 -0.009330 -0.000924  0.005909 -0.009102 -0.002360  0.009638 -0.019472  0.006440 -0.029142 -0.003947 -0.004244 -0.028931 -0.026390 -0.006440  0.014338 -0.013798  0.006680  0.023119
 1529202.13            Department of Defense -0.011593 -0.006192 -0.001676 -0.010310 -0.010376 -0.009019 -0.022248  0.006874  0.009501 -0.032822 -0.000432 -0.018116 -0.002087 -0.001648  0.005225 -0.005024  0.007040  0.010391 -0.022333 -0.004427  0.000000 -0.001987 -0.036561 -0.019014  0.007821 -0.009330 -0.000924  0.005909 -0.009102 -0.002360  0.009638 -0.019472  0.006440 -0.029142 -0.003947 -0.004244 -0.028931 -0.026390 -0.006440  0.014338 -0.013798  0.006680  0.023119
 1529202.13            Department of Defense -0.011593 -0.006192 -0.001676 -0.010310 -0.010376 -0.009019 -0.022248  0.006874  0.009501 -0.032822 -0.000432 -0.018116 -0.002087 -0.001648  0.005225 -0.005024  0.007040  0.010391 -0.022333 -0.004427  0.000000 -0.001987 -0.036561 -0.019014  0.007821 -0.009330 -0.000924  0.005909 -0.009102 -0.002360  0.009638 -0.019472  0.006440 -0.029142 -0.003947 -0.004244 -0.028931 -0.026390 -0.006440  0.014338 -0.013798  0.006680  0.023119
 1529202.13            Department of Defense -0.011593 -0.006192 -0.001676 -0.010310 -0.010376 -0.009019 -0.022248  0.006874  0.009501 -0.032822 -0.000432 -0.018116 -0.002087 -0.001648  0.005225 -0.005024  0.007040  0.010391 -0.022333 -0.004427  0.000000 -0.001987 -0.036561 -0.019014  0.007821 -0.009330 -0.000924  0.005909 -0.009102 -0.002360  0.009638 -0.019472  0.006440 -0.029142 -0.003947 -0.004244 -0.028931 -0.026390 -0.006440  0.014338 -0.013798  0.006680  0.023119
 11172432.16           Department of Defense -0.011593 -0.006192 -0.001676 -0.010310 -0.010376 -0.009019 -0.022248  0.006874  0.009501 -0.032822 -0.000432 -0.018116 -0.002087 -0.001648  0.005225 -0.005024  0.007040  0.010391 -0.022333 -0.004427  0.000000 -0.001987 -0.036561 -0.019014  0.007821 -0.009330 -0.000924  0.005909 -0.009102 -0.002360  0.009638 -0.019472  0.006440 -0.029142 -0.003947 -0.004244 -0.028931 -0.026390 -0.006440  0.014338 -0.013798  0.006680  0.023119
 1529202.13            Department of Defense  0.000255 -0.001618 -0.009592  0.001311  0.031786 -0.002275  0.001063 -0.006767  0.005403 -0.013222 -0.005062  0.001207 -0.009762  0.007451 -0.001632  0.002574 -0.006349 -0.023183 -0.008462  0.007024 -0.026667 -0.004081  0.015812  0.003290 -0.010678 -0.002093 -0.006472  0.002711 -0.000359  0.015447 -0.002161 -0.001625 -0.010336  0.002520  0.000704  0.012245  0.005986  0.000188 -0.001999 -0.008624 -0.034881 -0.003539  0.013258
 305303.74             Department of Defense  0.000510 -0.008124 -0.011864 -0.003255  0.005117 -0.003611 -0.005523  0.000000  0.000778 -0.005806 -0.004157 -0.009938 -0.006900 -0.006195 -0.001211 -0.001021  0.017388 -0.016952 -0.001414 -0.006033  0.004566 -0.013092  0.033656 -0.005068 -0.006016 -0.009437 -0.010470 -0.006309 -0.019258  0.000743 -0.000505 -0.005787  0.000000 -0.004895 -0.012408  0.013893 -0.003974  0.019214 -0.015155 -0.015501 -0.033572 -0.011765  0.008723
 45589549.08           Department of Defense  0.000510 -0.008124 -0.011864 -0.003255  0.005117 -0.003611 -0.005523  0.000000  0.000778 -0.005806 -0.004157 -0.009938 -0.006900 -0.006195 -0.001211 -0.001021  0.017388 -0.016952 -0.001414 -0.006033  0.004566 -0.013092  0.033656 -0.005068 -0.006016 -0.009437 -0.010470 -0.006309 -0.019258  0.000743 -0.000505 -0.005787  0.000000 -0.004895 -0.012408  0.013893 -0.003974  0.019214 -0.015155 -0.015501 -0.033572 -0.011765  0.008723
 1825840.86            Department of Defense  0.000510 -0.008124 -0.011864 -0.003255  0.005117 -0.003611 -0.005523  0.000000  0.000778 -0.005806 -0.004157 -0.009938 -0.006900 -0.006195 -0.001211 -0.001021  0.017388 -0.016952 -0.001414 -0.006033  0.004566 -0.013092  0.033656 -0.005068 -0.006016 -0.009437 -0.010470 -0.006309 -0.019258  0.000743 -0.000505 -0.005787  0.000000 -0.004895 -0.012408  0.013893 -0.003974  0.019214 -0.015155 -0.015501 -0.033572 -0.011765  0.008723
 192963.87             Department of Defense -0.003740 -0.018335 -0.015295 -0.010780 -0.011051 -0.004550 -0.029007 -0.024422 -0.000735 -0.009296 -0.004741 -0.001373 -0.016531  0.012670 -0.012859 -0.009580 -0.018727 -0.010750 -0.015671 -0.024705  0.049887 -0.006320  0.022414 -0.005209 -0.004525  0.021693 -0.010422 -0.005933  0.000401 -0.012923 -0.014896  0.003511 -0.022733 -0.022531  0.006392 -0.015018 -0.039273  0.000410 -0.030615  0.005871 -0.036988 -0.007696  0.004326
 349547.20             Department of Defense -0.003740 -0.018335 -0.015295 -0.010780 -0.011051 -0.004550 -0.029007 -0.024422 -0.000735 -0.009296 -0.004741 -0.001373 -0.016531  0.012670 -0.012859 -0.009580 -0.018727 -0.010750 -0.015671 -0.024705  0.049887 -0.006320  0.022414 -0.005209 -0.004525  0.021693 -0.010422 -0.005933  0.000401 -0.012923 -0.014896  0.003511 -0.022733 -0.022531  0.006392 -0.015018 -0.039273  0.000410 -0.030615  0.005871 -0.036988 -0.007696  0.004326
 42427530.78           Department of Defense -0.003740 -0.018335 -0.015295 -0.010780 -0.011051 -0.004550 -0.029007 -0.024422 -0.000735 -0.009296 -0.004741 -0.001373 -0.016531  0.012670 -0.012859 -0.009580 -0.018727 -0.010750 -0.015671 -0.024705  0.049887 -0.006320  0.022414 -0.005209 -0.004525  0.021693 -0.010422 -0.005933  0.000401 -0.012923 -0.014896  0.003511 -0.022733 -0.022531  0.006392 -0.015018 -0.039273  0.000410 -0.030615  0.005871 -0.036988 -0.007696  0.004326
 130846.00             Department of Defense -0.000751  0.000662  0.009615  0.019265  0.024599  0.004190  0.001299  0.008590  0.014998  0.042002  0.001003 -0.000853  0.002463  0.017053  0.011724  0.003490  0.013868 -0.000645  0.012624  0.028265  0.038877 -0.004924  0.040479  0.025887  0.019197 -0.000685  0.006223  0.003673 -0.005678 -0.003393  0.004273  0.002449  0.007712  0.018404  0.011203  0.010034  0.018346  0.010704  0.010619 -0.008082  0.015239  0.003878 -0.026561
 1529202.13            Department of Defense -0.000751  0.000662  0.009615  0.019265  0.024599  0.004190  0.001299  0.008590  0.014998  0.042002  0.001003 -0.000853  0.002463  0.017053  0.011724  0.003490  0.013868 -0.000645  0.012624  0.028265  0.038877 -0.004924  0.040479  0.025887  0.019197 -0.000685  0.006223  0.003673 -0.005678 -0.003393  0.004273  0.002449  0.007712  0.018404  0.011203  0.010034  0.018346  0.010704  0.010619 -0.008082  0.015239  0.003878 -0.026561
 11481.41              Department of Defense -0.000751  0.000662  0.009615  0.019265  0.024599  0.004190  0.001299  0.008590  0.014998  0.042002  0.001003 -0.000853  0.002463  0.017053  0.011724  0.003490  0.013868 -0.000645  0.012624  0.028265  0.038877 -0.004924  0.040479  0.025887  0.019197 -0.000685  0.006223  0.003673 -0.005678 -0.003393  0.004273  0.002449  0.007712  0.018404  0.011203  0.010034  0.018346  0.010704  0.010619 -0.008082  0.015239  0.003878 -0.026561
 1183515.20            Department of Defense -0.000751  0.000662  0.009615  0.019265  0.024599  0.004190  0.001299  0.008590  0.014998  0.042002  0.001003 -0.000853  0.002463  0.017053  0.011724  0.003490  0.013868 -0.000645  0.012624  0.028265  0.038877 -0.004924  0.040479  0.025887  0.019197 -0.000685  0.006223  0.003673 -0.005678 -0.003393  0.004273  0.002449  0.007712  0.018404  0.011203  0.010034  0.018346  0.010704  0.010619 -0.008082  0.015239  0.003878 -0.026561
 45589549.08           Department of Defense -0.000751  0.000662  0.009615  0.019265  0.024599  0.004190  0.001299  0.008590  0.014998  0.042002  0.001003 -0.000853  0.002463  0.017053  0.011724  0.003490  0.013868 -0.000645  0.012624  0.028265  0.038877 -0.004924  0.040479  0.025887  0.019197 -0.000685  0.006223  0.003673 -0.005678 -0.003393  0.004273  0.002449  0.007712  0.018404  0.011203  0.010034  0.018346  0.010704  0.010619 -0.008082  0.015239  0.003878 -0.026561
 8622296.64            Department of Defense  0.006511  0.004628  0.010989  0.020979 -0.012518  0.015741  0.011783 -0.015330  0.004563  0.006003  0.006012  0.012669  0.005637  0.006588  0.005814  0.006393 -0.004014  0.016126  0.006631  0.007856  0.000000  0.004845 -0.001806  0.022481  0.012440  0.034613  0.006601  0.003202  0.006382  0.016576  0.007165  0.004188  0.008656  0.016698  0.011515  0.013042 -0.004353 -0.010301  0.013408 -0.034142 -0.014110  0.002272  0.000410
 190666.98             Department of Defense  0.049537  0.011606  0.003893 -0.005148 -0.007134  0.013261  0.012259  0.007157  0.004732  0.014643  0.005919  0.044400  0.004621  0.023466  0.008514  0.003289  0.010483  0.003016  0.001154 -0.010270 -0.050000  0.004304 -0.000074  0.002052  0.010521 -0.006135  0.012666  0.007069  0.005271  0.000586  0.001333  0.056104  0.006155 -0.006505  0.004325 -0.000914 -0.016184  0.022597  0.011626  0.030010 -0.087825  0.001164  0.003817
 270503.32             Department of Defense  0.049537  0.011606  0.003893 -0.005148 -0.007134  0.013261  0.012259  0.007157  0.004732  0.014643  0.005919  0.044400  0.004621  0.023466  0.008514  0.003289  0.010483  0.003016  0.001154 -0.010270 -0.050000  0.004304 -0.000074  0.002052  0.010521 -0.006135  0.012666  0.007069  0.005271  0.000586  0.001333  0.056104  0.006155 -0.006505  0.004325 -0.000914 -0.016184  0.022597  0.011626  0.030010 -0.087825  0.001164  0.003817
-11469.39              Department of Defense  0.005488  0.005870  0.003336  0.005451 -0.011281 -0.003501 -0.007897  0.003031  0.000385 -0.033276  0.015470  0.004109  0.000000 -0.017418  0.001125  0.011296 -0.007029  0.016775 -0.000954 -0.009846 -0.040000 -0.003583 -0.046860 -0.011526 -0.001136  0.012380  0.006145  0.011759 -0.005416 -0.081120 -0.004952  0.013996  0.016939  0.011025 -0.010235  0.011135 -0.003179 -0.052218  0.000800  0.022552  0.001871  0.012734 -0.030061
 1529202.13            Department of Defense  0.005488  0.005870  0.003336  0.005451 -0.011281 -0.003501 -0.007897  0.003031  0.000385 -0.033276  0.015470  0.004109  0.000000 -0.017418  0.001125  0.011296 -0.007029  0.016775 -0.000954 -0.009846 -0.040000 -0.003583 -0.046860 -0.011526 -0.001136  0.012380  0.006145  0.011759 -0.005416 -0.081120 -0.004952  0.013996  0.016939  0.011025 -0.010235  0.011135 -0.003179 -0.052218  0.000800  0.022552  0.001871  0.012734 -0.030061
 1529202.13            Department of Defense  0.015662  0.006506  0.003325 -0.008082  0.008705  0.042530  0.026852 -0.001813  0.007291 -0.015446  0.001097  0.005621  0.003270  0.003394  0.013485 -0.001340 -0.016170 -0.009952 -0.006257 -0.005638  0.000000 -0.005754  0.031307  0.003906 -0.008073  0.007812 -0.006856  0.009298 -0.014937  0.027054  0.029468  0.013644 -0.005266 -0.008852  0.015252  0.009765 -0.010806 -0.003256 -0.004262  0.016738  0.008016  0.003887  0.002576
 1529202.13            Department of Defense  0.015662  0.006506  0.003325 -0.008082  0.008705  0.042530  0.026852 -0.001813  0.007291 -0.015446  0.001097  0.005621  0.003270  0.003394  0.013485 -0.001340 -0.016170 -0.009952 -0.006257 -0.005638  0.000000 -0.005754  0.031307  0.003906 -0.008073  0.007812 -0.006856  0.009298 -0.014937  0.027054  0.029468  0.013644 -0.005266 -0.008852  0.015252  0.009765 -0.010806 -0.003256 -0.004262  0.016738  0.008016  0.003887  0.002576
 1529202.13            Department of Defense  0.015662  0.006506  0.003325 -0.008082  0.008705  0.042530  0.026852 -0.001813  0.007291 -0.015446  0.001097  0.005621  0.003270  0.003394  0.013485 -0.001340 -0.016170 -0.009952 -0.006257 -0.005638  0.000000 -0.005754  0.031307  0.003906 -0.008073  0.007812 -0.006856  0.009298 -0.014937  0.027054  0.029468  0.013644 -0.005266 -0.008852  0.015252  0.009765 -0.010806 -0.003256 -0.004262  0.016738  0.008016  0.003887  0.002576
 1529202.13            Department of Defense  0.015662  0.006506  0.003325 -0.008082  0.008705  0.042530  0.026852 -0.001813  0.007291 -0.015446  0.001097  0.005621  0.003270  0.003394  0.013485 -0.001340 -0.016170 -0.009952 -0.006257 -0.005638  0.000000 -0.005754  0.031307  0.003906 -0.008073  0.007812 -0.006856  0.009298 -0.014937  0.027054  0.029468  0.013644 -0.005266 -0.008852  0.015252  0.009765 -0.010806 -0.003256 -0.004262  0.016738  0.008016  0.003887  0.002576
 1529202.13            Department of Defense  0.015662  0.006506  0.003325 -0.008082  0.008705  0.042530  0.026852 -0.001813  0.007291 -0.015446  0.001097  0.005621  0.003270  0.003394  0.013485 -0.001340 -0.016170 -0.009952 -0.006257 -0.005638  0.000000 -0.005754  0.031307  0.003906 -0.008073  0.007812 -0.006856  0.009298 -0.014937  0.027054  0.029468  0.013644 -0.005266 -0.008852  0.015252  0.009765 -0.010806 -0.003256 -0.004262  0.016738  0.008016  0.003887  0.002576
 764276.69             Department of Defense  0.015662  0.006506  0.003325 -0.008082  0.008705  0.042530  0.026852 -0.001813  0.007291 -0.015446  0.001097  0.005621  0.003270  0.003394  0.013485 -0.001340 -0.016170 -0.009952 -0.006257 -0.005638  0.000000 -0.005754  0.031307  0.003906 -0.008073  0.007812 -0.006856  0.009298 -0.014937  0.027054  0.029468  0.013644 -0.005266 -0.008852  0.015252  0.009765 -0.010806 -0.003256 -0.004262  0.016738  0.008016  0.003887  0.002576
 0.00                  Department of Defense -0.004673  0.000344 -0.000473 -0.002355  0.000860  0.000355 -0.002171 -0.013502 -0.007190  0.005827  0.001157  0.003488 -0.009494  0.000764 -0.000603  0.005688  0.000243 -0.006068  0.001442 -0.020442 -0.004630  0.021290  0.008915  0.005207  0.001089 -0.013482 -0.000580  0.000921  0.013017 -0.009294  0.009982  0.007669 -0.004063  0.001596  0.000594  0.007763 -0.011362  0.000769  0.003424  0.002647 -0.001988 -0.001366 -0.002569
 254036.50             Department of Defense -0.006573 -0.002254 -0.007104  0.004823  0.006286  0.006383  0.007665  0.003007 -0.001444  0.014706  0.003952  0.004233  0.007725  0.000927  0.005022  0.005910 -0.000797 -0.009567  0.003456  0.110870  0.000000  0.003643  0.007814 -0.005635  0.002233 -0.001708 -0.005805  0.005522  0.004105  0.006325  0.000792 -0.000311  0.005192  0.012277  0.012724  0.004558 -0.003885 -0.001792  0.007785 -0.001996 -0.000860  0.003193 -0.002825
 0.00                  Department of Defense -0.006573 -0.002254 -0.007104  0.004823  0.006286  0.006383  0.007665  0.003007 -0.001444  0.014706  0.003952  0.004233  0.007725  0.000927  0.005022  0.005910 -0.000797 -0.009567  0.003456  0.110870  0.000000  0.003643  0.007814 -0.005635  0.002233 -0.001708 -0.005805  0.005522  0.004105  0.006325  0.000792 -0.000311  0.005192  0.012277  0.012724  0.004558 -0.003885 -0.001792  0.007785 -0.001996 -0.000860  0.003193 -0.002825
 0.00                  Department of Defense -0.006573 -0.002254 -0.007104  0.004823  0.006286  0.006383  0.007665  0.003007 -0.001444  0.014706  0.003952  0.004233  0.007725  0.000927  0.005022  0.005910 -0.000797 -0.009567  0.003456  0.110870  0.000000  0.003643  0.007814 -0.005635  0.002233 -0.001708 -0.005805  0.005522  0.004105  0.006325  0.000792 -0.000311  0.005192  0.012277  0.012724  0.004558 -0.003885 -0.001792  0.007785 -0.001996 -0.000860  0.003193 -0.002825
 866024.44             Department of Defense -0.013233 -0.001377 -0.033389 -0.003136 -0.005633 -0.002995 -0.006785  0.003977 -0.020723  0.003074 -0.013869 -0.010516 -0.014055 -0.012898 -0.002576 -0.005275 -0.002272 -0.021711  0.001483  0.010708 -0.027907  0.004739  0.041377 -0.005324 -0.000286 -0.009925 -0.010159 -0.008696 -0.010537  0.003265 -0.012972 -0.005283 -0.006149  0.006298 -0.020102 -0.002202  0.005678  0.012374  0.000423  0.031097 -0.008382 -0.006592  0.000583
 0.00                  Department of Defense  0.012931 -0.005839  0.025043  0.007578 -0.010162  0.000177  0.001242  0.006522 -0.011196 -0.019264  0.003808  0.005022  0.000000  0.003333 -0.003864 -0.000635  0.011910  0.002821  0.020846 -0.010142  0.004785 -0.011841 -0.000835  0.008920 -0.003657 -0.003111  0.000944 -0.007387 -0.015100 -0.002817 -0.007181  0.012340  0.014973 -0.002622 -0.007437 -0.011276 -0.009242 -0.024129  0.003332  0.000375 -0.004021 -0.050343  0.005163
 0.00                  Department of Defense  0.000946 -0.001820  0.000120  0.006357 -0.013526 -0.005654 -0.005168 -0.014291 -0.005500 -0.018750  0.014745 -0.003168 -0.020734 -0.006490  0.001384 -0.051225 -0.031477 -0.002438 -0.006807 -0.019562 -0.004762 -0.001320 -0.028066 -0.012606 -0.008144  0.000693 -0.000707  0.046047 -0.016866 -0.009160 -0.003617 -0.003857  0.015240 -0.021623  0.007664 -0.003120 -0.016386 -0.007658 -0.026305 -0.017638 -0.019819  0.032771 -0.003563
 149587.83             Department of Defense  0.007322 -0.006166  0.002407 -0.006395  0.008192 -0.005686 -0.008728 -0.000369  0.007607  0.016379 -0.013204  0.007027 -0.010440 -0.013208 -0.006054  0.010081  0.007256 -0.004700  0.000306  0.007020  0.004785 -0.006203  0.006091  0.007395 -0.004568 -0.007623  0.000236 -0.012895 -0.033149 -0.006783 -0.001903  0.013476 -0.002762 -0.000823 -0.004017 -0.017268 -0.004453  0.003466  0.009041 -0.011843  0.219190 -0.023332 -0.005654
 1529202.13            Department of Defense  0.007322 -0.006166  0.002407 -0.006395  0.008192 -0.005686 -0.008728 -0.000369  0.007607  0.016379 -0.013204  0.007027 -0.010440 -0.013208 -0.006054  0.010081  0.007256 -0.004700  0.000306  0.007020  0.004785 -0.006203  0.006091  0.007395 -0.004568 -0.007623  0.000236 -0.012895 -0.033149 -0.006783 -0.001903  0.013476 -0.002762 -0.000823 -0.004017 -0.017268 -0.004453  0.003466  0.009041 -0.011843  0.219190 -0.023332 -0.005654
 236160.15             Department of Defense  0.007322 -0.006166  0.002407 -0.006395  0.008192 -0.005686 -0.008728 -0.000369  0.007607  0.016379 -0.013204  0.007027 -0.010440 -0.013208 -0.006054  0.010081  0.007256 -0.004700  0.000306  0.007020  0.004785 -0.006203  0.006091  0.007395 -0.004568 -0.007623  0.000236 -0.012895 -0.033149 -0.006783 -0.001903  0.013476 -0.002762 -0.000823 -0.004017 -0.017268 -0.004453  0.003466  0.009041 -0.011843  0.219190 -0.023332 -0.005654
 173077.61             Department of Defense -0.017819 -0.008214  0.000240 -0.002462  0.012903 -0.003931 -0.003878  0.015671 -0.009362  0.015219 -0.017046 -0.011868 -0.005646  0.001548 -0.006384 -0.029743  0.009634 -0.017945  0.008052  0.000172  0.007143 -0.003786  0.008048 -0.004932 -0.002149 -0.006634 -0.008254 -0.016667 -0.005382  0.006687 -0.005261 -0.013755 -0.006382  0.003643 -0.019907 -0.009417  0.001760  0.018183  0.007780 -0.001224  0.033438 -0.011467 -0.000836
 1529202.13            Department of Defense -0.017819 -0.008214  0.000240 -0.002462  0.012903 -0.003931 -0.003878  0.015671 -0.009362  0.015219 -0.017046 -0.011868 -0.005646  0.001548 -0.006384 -0.029743  0.009634 -0.017945  0.008052  0.000172  0.007143 -0.003786  0.008048 -0.004932 -0.002149 -0.006634 -0.008254 -0.016667 -0.005382  0.006687 -0.005261 -0.013755 -0.006382  0.003643 -0.019907 -0.009417  0.001760  0.018183  0.007780 -0.001224  0.033438 -0.011467 -0.000836
 1529202.13            Department of Defense -0.017819 -0.008214  0.000240 -0.002462  0.012903 -0.003931 -0.003878  0.015671 -0.009362  0.015219 -0.017046 -0.011868 -0.005646  0.001548 -0.006384 -0.029743  0.009634 -0.017945  0.008052  0.000172  0.007143 -0.003786  0.008048 -0.004932 -0.002149 -0.006634 -0.008254 -0.016667 -0.005382  0.006687 -0.005261 -0.013755 -0.006382  0.003643 -0.019907 -0.009417  0.001760  0.018183  0.007780 -0.001224  0.033438 -0.011467 -0.000836
 0.00                  Department of Defense -0.017819 -0.008214  0.000240 -0.002462  0.012903 -0.003931 -0.003878  0.015671 -0.009362  0.015219 -0.017046 -0.011868 -0.005646  0.001548 -0.006384 -0.029743  0.009634 -0.017945  0.008052  0.000172  0.007143 -0.003786  0.008048 -0.004932 -0.002149 -0.006634 -0.008254 -0.016667 -0.005382  0.006687 -0.005261 -0.013755 -0.006382  0.003643 -0.019907 -0.009417  0.001760  0.018183  0.007780 -0.001224  0.033438 -0.011467 -0.000836
 88877.34              Department of Defense -0.017819 -0.008214  0.000240 -0.002462  0.012903 -0.003931 -0.003878  0.015671 -0.009362  0.015219 -0.017046 -0.011868 -0.005646  0.001548 -0.006384 -0.029743  0.009634 -0.017945  0.008052  0.000172  0.007143 -0.003786  0.008048 -0.004932 -0.002149 -0.006634 -0.008254 -0.016667 -0.005382  0.006687 -0.005261 -0.013755 -0.006382  0.003643 -0.019907 -0.009417  0.001760  0.018183  0.007780 -0.001224  0.033438 -0.011467 -0.000836
 442343.60             Department of Defense -0.017819 -0.008214  0.000240 -0.002462  0.012903 -0.003931 -0.003878  0.015671 -0.009362  0.015219 -0.017046 -0.011868 -0.005646  0.001548 -0.006384 -0.029743  0.009634 -0.017945  0.008052  0.000172  0.007143 -0.003786  0.008048 -0.004932 -0.002149 -0.006634 -0.008254 -0.016667 -0.005382  0.006687 -0.005261 -0.013755 -0.006382  0.003643 -0.019907 -0.009417  0.001760  0.018183  0.007780 -0.001224  0.033438 -0.011467 -0.000836
 254036.50             Department of Defense  0.017427  0.009868  0.004321 -0.000292  0.011396 -0.008253  0.012312  0.008774  0.009977  0.010582  0.004475  0.014349 -0.003736  0.003237  0.001675  0.014285  0.008565  0.002404 -0.003644 -0.007367 -0.035461  0.001952 -0.007206 -0.006339 -0.011351  0.014411  0.006420  0.012826 -0.003319  0.001204  0.008732  0.016736  0.002909  0.008599 -0.001313  0.001441 -0.005540  0.023619  0.002981 -0.027869 -0.024815  0.005800 -0.004938
 135050.32             Department of Defense  0.017427  0.009868  0.004321 -0.000292  0.011396 -0.008253  0.012312  0.008774  0.009977  0.010582  0.004475  0.014349 -0.003736  0.003237  0.001675  0.014285  0.008565  0.002404 -0.003644 -0.007367 -0.035461  0.001952 -0.007206 -0.006339 -0.011351  0.014411  0.006420  0.012826 -0.003319  0.001204  0.008732  0.016736  0.002909  0.008599 -0.001313  0.001441 -0.005540  0.023619  0.002981 -0.027869 -0.024815  0.005800 -0.004938
 18472697.42           Department of Defense  0.017427  0.009868  0.004321 -0.000292  0.011396 -0.008253  0.012312  0.008774  0.009977  0.010582  0.004475  0.014349 -0.003736  0.003237  0.001675  0.014285  0.008565  0.002404 -0.003644 -0.007367 -0.035461  0.001952 -0.007206 -0.006339 -0.011351  0.014411  0.006420  0.012826 -0.003319  0.001204  0.008732  0.016736  0.002909  0.008599 -0.001313  0.001441 -0.005540  0.023619  0.002981 -0.027869 -0.024815  0.005800 -0.004938
 1529202.13            Department of Defense  0.017427  0.009868  0.004321 -0.000292  0.011396 -0.008253  0.012312  0.008774  0.009977  0.010582  0.004475  0.014349 -0.003736  0.003237  0.001675  0.014285  0.008565  0.002404 -0.003644 -0.007367 -0.035461  0.001952 -0.007206 -0.006339 -0.011351  0.014411  0.006420  0.012826 -0.003319  0.001204  0.008732  0.016736  0.002909  0.008599 -0.001313  0.001441 -0.005540  0.023619  0.002981 -0.027869 -0.024815  0.005800 -0.004938
 1529202.13            Department of Defense  0.017427  0.009868  0.004321 -0.000292  0.011396 -0.008253  0.012312  0.008774  0.009977  0.010582  0.004475  0.014349 -0.003736  0.003237  0.001675  0.014285  0.008565  0.002404 -0.003644 -0.007367 -0.035461  0.001952 -0.007206 -0.006339 -0.011351  0.014411  0.006420  0.012826 -0.003319  0.001204  0.008732  0.016736  0.002909  0.008599 -0.001313  0.001441 -0.005540  0.023619  0.002981 -0.027869 -0.024815  0.005800 -0.004938
 1529202.13            Department of Defense  0.017427  0.009868  0.004321 -0.000292  0.011396 -0.008253  0.012312  0.008774  0.009977  0.010582  0.004475  0.014349 -0.003736  0.003237  0.001675  0.014285  0.008565  0.002404 -0.003644 -0.007367 -0.035461  0.001952 -0.007206 -0.006339 -0.011351  0.014411  0.006420  0.012826 -0.003319  0.001204  0.008732  0.016736  0.002909  0.008599 -0.001313  0.001441 -0.005540  0.023619  0.002981 -0.027869 -0.024815  0.005800 -0.004938
 1529202.13            Department of Defense  0.017427  0.009868  0.004321 -0.000292  0.011396 -0.008253  0.012312  0.008774  0.009977  0.010582  0.004475  0.014349 -0.003736  0.003237  0.001675  0.014285  0.008565  0.002404 -0.003644 -0.007367 -0.035461  0.001952 -0.007206 -0.006339 -0.011351  0.014411  0.006420  0.012826 -0.003319  0.001204  0.008732  0.016736  0.002909  0.008599 -0.001313  0.001441 -0.005540  0.023619  0.002981 -0.027869 -0.024815  0.005800 -0.004938
 1529202.13            Department of Defense  0.017427  0.009868  0.004321 -0.000292  0.011396 -0.008253  0.012312  0.008774  0.009977  0.010582  0.004475  0.014349 -0.003736  0.003237  0.001675  0.014285  0.008565  0.002404 -0.003644 -0.007367 -0.035461  0.001952 -0.007206 -0.006339 -0.011351  0.014411  0.006420  0.012826 -0.003319  0.001204  0.008732  0.016736  0.002909  0.008599 -0.001313  0.001441 -0.005540  0.023619  0.002981 -0.027869 -0.024815  0.005800 -0.004938
 239563.86             Department of Defense -0.002112 -0.008441  0.005497 -0.004456  0.017429  0.007236 -0.000728  0.017754 -0.019410 -0.000873 -0.009344 -0.011530 -0.016649  0.008921 -0.003798 -0.006031  0.026152 -0.004797  0.012565  0.013776 -0.014706 -0.019887  0.005195  0.005858 -0.013778 -0.013860 -0.012581  0.003166 -0.008633 -0.005502 -0.008128 -0.004725 -0.012689  0.001157 -0.005874  0.004760  0.009043  0.039582  0.012952  0.015197 -0.011390 -0.006968 -0.013625
 1529202.13            Department of Defense -0.002112 -0.008441  0.005497 -0.004456  0.017429  0.007236 -0.000728  0.017754 -0.019410 -0.000873 -0.009344 -0.011530 -0.016649  0.008921 -0.003798 -0.006031  0.026152 -0.004797  0.012565  0.013776 -0.014706 -0.019887  0.005195  0.005858 -0.013778 -0.013860 -0.012581  0.003166 -0.008633 -0.005502 -0.008128 -0.004725 -0.012689  0.001157 -0.005874  0.004760  0.009043  0.039582  0.012952  0.015197 -0.011390 -0.006968 -0.013625
 1529202.13            Department of Defense -0.002112 -0.008441  0.005497 -0.004456  0.017429  0.007236 -0.000728  0.017754 -0.019410 -0.000873 -0.009344 -0.011530 -0.016649  0.008921 -0.003798 -0.006031  0.026152 -0.004797  0.012565  0.013776 -0.014706 -0.019887  0.005195  0.005858 -0.013778 -0.013860 -0.012581  0.003166 -0.008633 -0.005502 -0.008128 -0.004725 -0.012689  0.001157 -0.005874  0.004760  0.009043  0.039582  0.012952  0.015197 -0.011390 -0.006968 -0.013625
 1529202.13            Department of Defense -0.002112 -0.008441  0.005497 -0.004456  0.017429  0.007236 -0.000728  0.017754 -0.019410 -0.000873 -0.009344 -0.011530 -0.016649  0.008921 -0.003798 -0.006031  0.026152 -0.004797  0.012565  0.013776 -0.014706 -0.019887  0.005195  0.005858 -0.013778 -0.013860 -0.012581  0.003166 -0.008633 -0.005502 -0.008128 -0.004725 -0.012689  0.001157 -0.005874  0.004760  0.009043  0.039582  0.012952  0.015197 -0.011390 -0.006968 -0.013625
 1529202.13            Department of Defense -0.002112 -0.008441  0.005497 -0.004456  0.017429  0.007236 -0.000728  0.017754 -0.019410 -0.000873 -0.009344 -0.011530 -0.016649  0.008921 -0.003798 -0.006031  0.026152 -0.004797  0.012565  0.013776 -0.014706 -0.019887  0.005195  0.005858 -0.013778 -0.013860 -0.012581  0.003166 -0.008633 -0.005502 -0.008128 -0.004725 -0.012689  0.001157 -0.005874  0.004760  0.009043  0.039582  0.012952  0.015197 -0.011390 -0.006968 -0.013625
 1529202.13            Department of Defense -0.002112 -0.008441  0.005497 -0.004456  0.017429  0.007236 -0.000728  0.017754 -0.019410 -0.000873 -0.009344 -0.011530 -0.016649  0.008921 -0.003798 -0.006031  0.026152 -0.004797  0.012565  0.013776 -0.014706 -0.019887  0.005195  0.005858 -0.013778 -0.013860 -0.012581  0.003166 -0.008633 -0.005502 -0.008128 -0.004725 -0.012689  0.001157 -0.005874  0.004760  0.009043  0.039582  0.012952  0.015197 -0.011390 -0.006968 -0.013625
 1529202.13            Department of Defense -0.002112 -0.008441  0.005497 -0.004456  0.017429  0.007236 -0.000728  0.017754 -0.019410 -0.000873 -0.009344 -0.011530 -0.016649  0.008921 -0.003798 -0.006031  0.026152 -0.004797  0.012565  0.013776 -0.014706 -0.019887  0.005195  0.005858 -0.013778 -0.013860 -0.012581  0.003166 -0.008633 -0.005502 -0.008128 -0.004725 -0.012689  0.001157 -0.005874  0.004760  0.009043  0.039582  0.012952  0.015197 -0.011390 -0.006968 -0.013625
 1529202.13            Department of Defense -0.002112 -0.008441  0.005497 -0.004456  0.017429  0.007236 -0.000728  0.017754 -0.019410 -0.000873 -0.009344 -0.011530 -0.016649  0.008921 -0.003798 -0.006031  0.026152 -0.004797  0.012565  0.013776 -0.014706 -0.019887  0.005195  0.005858 -0.013778 -0.013860 -0.012581  0.003166 -0.008633 -0.005502 -0.008128 -0.004725 -0.012689  0.001157 -0.005874  0.004760  0.009043  0.039582  0.012952  0.015197 -0.011390 -0.006968 -0.013625
 34451.00              Department of Defense -0.002112 -0.008441  0.005497 -0.004456  0.017429  0.007236 -0.000728  0.017754 -0.019410 -0.000873 -0.009344 -0.011530 -0.016649  0.008921 -0.003798 -0.006031  0.026152 -0.004797  0.012565  0.013776 -0.014706 -0.019887  0.005195  0.005858 -0.013778 -0.013860 -0.012581  0.003166 -0.008633 -0.005502 -0.008128 -0.004725 -0.012689  0.001157 -0.005874  0.004760  0.009043  0.039582  0.012952  0.015197 -0.011390 -0.006968 -0.013625
 0.00                  Department of Defense -0.005173  0.000748  0.004041 -0.008907 -0.008331 -0.001616 -0.010923  0.028171 -0.006455 -0.026201  0.003248  0.006774  0.005491 -0.062806  0.014636 -0.011797 -0.002495  0.010604  0.001343 -0.007506  0.014925 -0.007008 -0.013558  0.006516 -0.007701  0.002108 -0.006042 -0.007214  0.005203  0.001477  0.029374  0.001685 -0.003794 -0.015278  0.009259 -0.045367  0.002658 -0.106165  0.009957  0.008563 -0.007591 -0.001210 -0.005031
 101653.96             Department of Defense -0.005173  0.000748  0.004041 -0.008907 -0.008331 -0.001616 -0.010923  0.028171 -0.006455 -0.026201  0.003248  0.006774  0.005491 -0.062806  0.014636 -0.011797 -0.002495  0.010604  0.001343 -0.007506  0.014925 -0.007008 -0.013558  0.006516 -0.007701  0.002108 -0.006042 -0.007214  0.005203  0.001477  0.029374  0.001685 -0.003794 -0.015278  0.009259 -0.045367  0.002658 -0.106165  0.009957  0.008563 -0.007591 -0.001210 -0.005031
 822192.08             Department of Defense -0.005173  0.000748  0.004041 -0.008907 -0.008331 -0.001616 -0.010923  0.028171 -0.006455 -0.026201  0.003248  0.006774  0.005491 -0.062806  0.014636 -0.011797 -0.002495  0.010604  0.001343 -0.007506  0.014925 -0.007008 -0.013558  0.006516 -0.007701  0.002108 -0.006042 -0.007214  0.005203  0.001477  0.029374  0.001685 -0.003794 -0.015278  0.009259 -0.045367  0.002658 -0.106165  0.009957  0.008563 -0.007591 -0.001210 -0.005031
 721132.90             Department of Defense -0.005173  0.000748  0.004041 -0.008907 -0.008331 -0.001616 -0.010923  0.028171 -0.006455 -0.026201  0.003248  0.006774  0.005491 -0.062806  0.014636 -0.011797 -0.002495  0.010604  0.001343 -0.007506  0.014925 -0.007008 -0.013558  0.006516 -0.007701  0.002108 -0.006042 -0.007214  0.005203  0.001477  0.029374  0.001685 -0.003794 -0.015278  0.009259 -0.045367  0.002658 -0.106165  0.009957  0.008563 -0.007591 -0.001210 -0.005031
 1529202.13            Department of Defense -0.005173  0.000748  0.004041 -0.008907 -0.008331 -0.001616 -0.010923  0.028171 -0.006455 -0.026201  0.003248  0.006774  0.005491 -0.062806  0.014636 -0.011797 -0.002495  0.010604  0.001343 -0.007506  0.014925 -0.007008 -0.013558  0.006516 -0.007701  0.002108 -0.006042 -0.007214  0.005203  0.001477  0.029374  0.001685 -0.003794 -0.015278  0.009259 -0.045367  0.002658 -0.106165  0.009957  0.008563 -0.007591 -0.001210 -0.005031
 1529202.13            Department of Defense -0.005173  0.000748  0.004041 -0.008907 -0.008331 -0.001616 -0.010923  0.028171 -0.006455 -0.026201  0.003248  0.006774  0.005491 -0.062806  0.014636 -0.011797 -0.002495  0.010604  0.001343 -0.007506  0.014925 -0.007008 -0.013558  0.006516 -0.007701  0.002108 -0.006042 -0.007214  0.005203  0.001477  0.029374  0.001685 -0.003794 -0.015278  0.009259 -0.045367  0.002658 -0.106165  0.009957  0.008563 -0.007591 -0.001210 -0.005031
 18472697.42           Department of Defense -0.005173  0.000748  0.004041 -0.008907 -0.008331 -0.001616 -0.010923  0.028171 -0.006455 -0.026201  0.003248  0.006774  0.005491 -0.062806  0.014636 -0.011797 -0.002495  0.010604  0.001343 -0.007506  0.014925 -0.007008 -0.013558  0.006516 -0.007701  0.002108 -0.006042 -0.007214  0.005203  0.001477  0.029374  0.001685 -0.003794 -0.015278  0.009259 -0.045367  0.002658 -0.106165  0.009957  0.008563 -0.007591 -0.001210 -0.005031
 37493.65              Department of Defense -0.011581 -0.008880  0.033854 -0.005585 -0.016970 -0.014751  0.011780 -0.019202  0.003134 -0.034978 -0.004670 -0.011096 -0.009254 -0.020181 -0.027448  0.002024 -0.040926 -0.023944 -0.060528  0.003038 -0.019608 -0.004424 -0.047188 -0.038497 -0.000782 -0.007714 -0.005898  0.023615 -0.007809  0.002736 -0.001068 -0.007491  0.006880 -0.018209 -0.009436 -0.005049 -0.017671 -0.030485 -0.032844 -0.032277 -0.029897  0.020591  0.000771
 5919.85               Department of Defense -0.001435  0.002706 -0.002519  0.003580  0.011497  0.013328 -0.004054  0.001052 -0.002946  0.078067  0.001689  0.004596 -0.004593 -0.013028  0.016994  0.010612 -0.000740 -0.004300  0.009893  0.000093  0.010000  0.003597  0.019886  0.012989 -0.002950 -0.007420 -0.000484 -0.018634  0.021233  0.005421  0.003071 -0.003697  0.002929 -0.013280  0.046132  0.002465  0.009873 -0.015340  0.061856  0.035363 -0.003482 -0.018277 -0.015670
 0.00                  Department of Defense -0.001435  0.002706 -0.002519  0.003580  0.011497  0.013328 -0.004054  0.001052 -0.002946  0.078067  0.001689  0.004596 -0.004593 -0.013028  0.016994  0.010612 -0.000740 -0.004300  0.009893  0.000093  0.010000  0.003597  0.019886  0.012989 -0.002950 -0.007420 -0.000484 -0.018634  0.021233  0.005421  0.003071 -0.003697  0.002929 -0.013280  0.046132  0.002465  0.009873 -0.015340  0.061856  0.035363 -0.003482 -0.018277 -0.015670
 1529202.13            Department of Defense -0.010297 -0.021785 -0.023646  0.009985  0.011163  0.005946 -0.000209 -0.011968  0.007591 -0.029310 -0.011803 -0.014174  0.001538 -0.015618 -0.004920 -0.007994 -0.011425 -0.000098 -0.004654 -0.000780 -0.014851 -0.003057  0.004801 -0.002529  0.004529 -0.011748 -0.000121 -0.009042 -0.004391 -0.017249  0.003818 -0.015152  0.003163 -0.004038 -0.008010 -0.005120 -0.003003 -0.008107 -0.010862  0.003105 -0.024661 -0.007253  0.031840
 1529202.13            Department of Defense -0.010297 -0.021785 -0.023646  0.009985  0.011163  0.005946 -0.000209 -0.011968  0.007591 -0.029310 -0.011803 -0.014174  0.001538 -0.015618 -0.004920 -0.007994 -0.011425 -0.000098 -0.004654 -0.000780 -0.014851 -0.003057  0.004801 -0.002529  0.004529 -0.011748 -0.000121 -0.009042 -0.004391 -0.017249  0.003818 -0.015152  0.003163 -0.004038 -0.008010 -0.005120 -0.003003 -0.008107 -0.010862  0.003105 -0.024661 -0.007253  0.031840
 1529202.13            Department of Defense -0.010297 -0.021785 -0.023646  0.009985  0.011163  0.005946 -0.000209 -0.011968  0.007591 -0.029310 -0.011803 -0.014174  0.001538 -0.015618 -0.004920 -0.007994 -0.011425 -0.000098 -0.004654 -0.000780 -0.014851 -0.003057  0.004801 -0.002529  0.004529 -0.011748 -0.000121 -0.009042 -0.004391 -0.017249  0.003818 -0.015152  0.003163 -0.004038 -0.008010 -0.005120 -0.003003 -0.008107 -0.010862  0.003105 -0.024661 -0.007253  0.031840
 1529202.13            Department of Defense -0.010297 -0.021785 -0.023646  0.009985  0.011163  0.005946 -0.000209 -0.011968  0.007591 -0.029310 -0.011803 -0.014174  0.001538 -0.015618 -0.004920 -0.007994 -0.011425 -0.000098 -0.004654 -0.000780 -0.014851 -0.003057  0.004801 -0.002529  0.004529 -0.011748 -0.000121 -0.009042 -0.004391 -0.017249  0.003818 -0.015152  0.003163 -0.004038 -0.008010 -0.005120 -0.003003 -0.008107 -0.010862  0.003105 -0.024661 -0.007253  0.031840
 577760.28             Department of Defense -0.010297 -0.021785 -0.023646  0.009985  0.011163  0.005946 -0.000209 -0.011968  0.007591 -0.029310 -0.011803 -0.014174  0.001538 -0.015618 -0.004920 -0.007994 -0.011425 -0.000098 -0.004654 -0.000780 -0.014851 -0.003057  0.004801 -0.002529  0.004529 -0.011748 -0.000121 -0.009042 -0.004391 -0.017249  0.003818 -0.015152  0.003163 -0.004038 -0.008010 -0.005120 -0.003003 -0.008107 -0.010862  0.003105 -0.024661 -0.007253  0.031840
 570698.38             Department of Defense -0.010297 -0.021785 -0.023646  0.009985  0.011163  0.005946 -0.000209 -0.011968  0.007591 -0.029310 -0.011803 -0.014174  0.001538 -0.015618 -0.004920 -0.007994 -0.011425 -0.000098 -0.004654 -0.000780 -0.014851 -0.003057  0.004801 -0.002529  0.004529 -0.011748 -0.000121 -0.009042 -0.004391 -0.017249  0.003818 -0.015152  0.003163 -0.004038 -0.008010 -0.005120 -0.003003 -0.008107 -0.010862  0.003105 -0.024661 -0.007253  0.031840
 198830.88             Department of Defense  0.013308  0.006263  0.000705  0.004627 -0.001745  0.005911  0.008769  0.002954  0.011427  0.035524  0.000695  0.007781  0.003993 -0.000099 -0.000040  0.015264  0.020957 -0.002160  0.007345  0.011118  0.025126 -0.011843  0.028372  0.012913  0.009078  0.008285  0.004119  0.005931  0.009577  0.016602  0.004934  0.005808  0.014918  0.006486  0.000680  0.004623  0.010533  0.006751  0.019001 -0.026246  0.035414  0.004871  0.002951
 254036.50             Department of Defense  0.084288  0.053566  0.060620  0.010200  0.031631  0.030449  0.023388  0.039885 -0.029293  0.074185 -0.002968  0.115445 -0.025547 -0.036821  0.030798 -0.011166 -0.000664 -0.009051  0.021193  0.021338 -0.009804 -0.026431  0.040740  0.055070 -0.018707 -0.022508 -0.028415  0.012245 -0.001979  0.052308  0.048109  0.131107 -0.002868 -0.003267 -0.007899  0.030797  0.037848  0.024283  0.038045 -0.025430  0.147510 -0.002424  0.017149
 170212.02             Department of Defense  0.084288  0.053566  0.060620  0.010200  0.031631  0.030449  0.023388  0.039885 -0.029293  0.074185 -0.002968  0.115445 -0.025547 -0.036821  0.030798 -0.011166 -0.000664 -0.009051  0.021193  0.021338 -0.009804 -0.026431  0.040740  0.055070 -0.018707 -0.022508 -0.028415  0.012245 -0.001979  0.052308  0.048109  0.131107 -0.002868 -0.003267 -0.007899  0.030797  0.037848  0.024283  0.038045 -0.025430  0.147510 -0.002424  0.017149
 1529202.13            Department of Defense -0.014094 -0.018703 -0.021046  0.016325  0.012643  0.003629  0.000404  0.024021  0.028504  0.047106 -0.007284 -0.043228 -0.000628  0.027139 -0.006236  0.002245  0.034350  0.004368  0.012495  0.020930  0.032178 -0.001209  0.022457  0.028305 -0.004311  0.003655  0.014654 -0.012545 -0.006772  0.014681 -0.005205 -0.036567  0.004914  0.021372 -0.012842  0.012860 -0.007745  0.032529  0.014293  0.025958  0.029044 -0.014334  0.001240
 1529202.13            Department of Defense -0.014094 -0.018703 -0.021046  0.016325  0.012643  0.003629  0.000404  0.024021  0.028504  0.047106 -0.007284 -0.043228 -0.000628  0.027139 -0.006236  0.002245  0.034350  0.004368  0.012495  0.020930  0.032178 -0.001209  0.022457  0.028305 -0.004311  0.003655  0.014654 -0.012545 -0.006772  0.014681 -0.005205 -0.036567  0.004914  0.021372 -0.012842  0.012860 -0.007745  0.032529  0.014293  0.025958  0.029044 -0.014334  0.001240
 163612.72             Department of Defense -0.014094 -0.018703 -0.021046  0.016325  0.012643  0.003629  0.000404  0.024021  0.028504  0.047106 -0.007284 -0.043228 -0.000628  0.027139 -0.006236  0.002245  0.034350  0.004368  0.012495  0.020930  0.032178 -0.001209  0.022457  0.028305 -0.004311  0.003655  0.014654 -0.012545 -0.006772  0.014681 -0.005205 -0.036567  0.004914  0.021372 -0.012842  0.012860 -0.007745  0.032529  0.014293  0.025958  0.029044 -0.014334  0.001240
 0.00                  Department of Defense -0.014094 -0.018703 -0.021046  0.016325  0.012643  0.003629  0.000404  0.024021  0.028504  0.047106 -0.007284 -0.043228 -0.000628  0.027139 -0.006236  0.002245  0.034350  0.004368  0.012495  0.020930  0.032178 -0.001209  0.022457  0.028305 -0.004311  0.003655  0.014654 -0.012545 -0.006772  0.014681 -0.005205 -0.036567  0.004914  0.021372 -0.012842  0.012860 -0.007745  0.032529  0.014293  0.025958  0.029044 -0.014334  0.001240
 32303.20              Department of Defense  0.008041  0.007128 -0.006336  0.032683  0.035942 -0.000344  0.000910 -0.013278  0.016173 -0.001144 -0.008039  0.002538  0.004084  0.042749  0.013285  0.014627 -0.003989  0.017298 -0.006793 -0.001883  0.007194 -0.004512 -0.008396  0.015453  0.006768 -0.026948  0.026314  0.013612 -0.007466  0.017111  0.006769  0.003151  0.011688 -0.002286  0.011188 -0.014361 -0.012457 -0.012482 -0.008903  0.004636  0.081877 -0.002218 -0.000330
 0.00                  Department of Defense -0.004774 -0.002289 -0.003620 -0.000536 -0.001697  0.001364  0.001289  0.007042 -0.012761 -0.035529 -0.015480  0.001128 -0.002525 -0.016313 -0.001792 -0.009551  0.002829 -0.021344  0.012009  0.017456 -0.061364 -0.011615  0.020859  0.002379  0.000487 -0.001905 -0.001144 -0.007172 -0.011281 -0.016921 -0.003441  0.000551  0.009263  0.000000 -0.003082  0.009264  0.043490 -0.025246  0.010008 -0.025443 -0.061457 -0.000989 -0.000996
 51200622.65           Department of Defense -0.004774 -0.002289 -0.003620 -0.000536 -0.001697  0.001364  0.001289  0.007042 -0.012761 -0.035529 -0.015480  0.001128 -0.002525 -0.016313 -0.001792 -0.009551  0.002829 -0.021344  0.012009  0.017456 -0.061364 -0.011615  0.020859  0.002379  0.000487 -0.001905 -0.001144 -0.007172 -0.011281 -0.016921 -0.003441  0.000551  0.009263  0.000000 -0.003082  0.009264  0.043490 -0.025246  0.010008 -0.025443 -0.061457 -0.000989 -0.000996
 77411.90              Department of Defense -0.004774 -0.002289 -0.003620 -0.000536 -0.001697  0.001364  0.001289  0.007042 -0.012761 -0.035529 -0.015480  0.001128 -0.002525 -0.016313 -0.001792 -0.009551  0.002829 -0.021344  0.012009  0.017456 -0.061364 -0.011615  0.020859  0.002379  0.000487 -0.001905 -0.001144 -0.007172 -0.011281 -0.016921 -0.003441  0.000551  0.009263  0.000000 -0.003082  0.009264  0.043490 -0.025246  0.010008 -0.025443 -0.061457 -0.000989 -0.000996
 7782484.64            Department of Defense -0.004774 -0.002289 -0.003620 -0.000536 -0.001697  0.001364  0.001289  0.007042 -0.012761 -0.035529 -0.015480  0.001128 -0.002525 -0.016313 -0.001792 -0.009551  0.002829 -0.021344  0.012009  0.017456 -0.061364 -0.011615  0.020859  0.002379  0.000487 -0.001905 -0.001144 -0.007172 -0.011281 -0.016921 -0.003441  0.000551  0.009263  0.000000 -0.003082  0.009264  0.043490 -0.025246  0.010008 -0.025443 -0.061457 -0.000989 -0.000996
 0.00                  Department of Defense -0.004774 -0.002289 -0.003620 -0.000536 -0.001697  0.001364  0.001289  0.007042 -0.012761 -0.035529 -0.015480  0.001128 -0.002525 -0.016313 -0.001792 -0.009551  0.002829 -0.021344  0.012009  0.017456 -0.061364 -0.011615  0.020859  0.002379  0.000487 -0.001905 -0.001144 -0.007172 -0.011281 -0.016921 -0.003441  0.000551  0.009263  0.000000 -0.003082  0.009264  0.043490 -0.025246  0.010008 -0.025443 -0.061457 -0.000989 -0.000996
 2024361.00            Department of Defense -0.004774 -0.002289 -0.003620 -0.000536 -0.001697  0.001364  0.001289  0.007042 -0.012761 -0.035529 -0.015480  0.001128 -0.002525 -0.016313 -0.001792 -0.009551  0.002829 -0.021344  0.012009  0.017456 -0.061364 -0.011615  0.020859  0.002379  0.000487 -0.001905 -0.001144 -0.007172 -0.011281 -0.016921 -0.003441  0.000551  0.009263  0.000000 -0.003082  0.009264  0.043490 -0.025246  0.010008 -0.025443 -0.061457 -0.000989 -0.000996
 0.00                  Department of Defense  0.000218  0.003882 -0.002952  0.001448  0.001671  0.008005  0.017130 -0.015086  0.017639  0.031457  0.003931  0.006679 -0.003165 -0.008610 -0.013776 -0.004353 -0.008242 -0.000812  0.005130  0.013386  0.048426 -0.009605 -0.013622  0.000264  0.002434  0.020237  0.004462  0.006772  0.002127 -0.014317 -0.001194  0.002342  0.006001  0.003969 -0.006012  0.026649  0.011550 -0.030147  0.024843 -0.035820  0.005327  0.018317  0.009306
 66474.30              Department of Defense  0.000654 -0.000855 -0.009793 -0.010538 -0.029469 -0.021291  0.062305 -0.018448 -0.010897  0.004414 -0.008940  0.002944 -0.007143 -0.031510 -0.002836  0.004069 -0.004897 -0.001421  0.003975  0.008176  0.016166  0.002966  0.003350 -0.013605  0.002489 -0.026198  0.003002 -0.002242 -0.016387 -0.020995 -0.003974  0.000412 -0.012047  0.013770 -0.006134 -0.022014 -0.004939 -0.003302 -0.012237 -0.013074 -0.057716 -0.006563 -0.007492
 4606790.50            Department of Defense  0.018519  0.005516 -0.013799 -0.018206 -0.019267 -0.007942  0.054619 -0.017599  0.006063 -0.027167  0.014025  0.014223 -0.012950 -0.050914  0.002863 -0.019862 -0.039989 -0.020842 -0.027853 -0.015885 -0.025000 -0.008531 -0.032570 -0.017696 -0.039540 -0.046887  0.014723  0.019326 -0.037409 -0.001551  0.004509  0.021154 -0.002604 -0.014109  0.007563 -0.023476 -0.050012 -0.028378 -0.041943  0.014840  0.030657  0.019085 -0.010368