                                   awarding_agency_name  total_obligations  total_outlayed_amount       BAC     BRK.B     CMCSA     COST       CRM      CSCO       DIS     GOOGL        HD      INTC       JNJ       JPM        KO       LLY        MA       MCD     META       MRK      MSFT      NFLX  NGL     NSRGY      NVDA      ORCL       PEP      PFE        PG         T       TMO      UNH         V       WFC      WMT      AAPL       ABT       ACN      ADBE      AMD     AMZN        BA      TSLA       VZ       XOM
Date                                                                                                                                                                                                                                                                                                                                                                                                                                                                                                                              
2024-10-01  Department of Housing and Urban Development       4.595158e+05               86307.87 -0.011593 -0.006192 -0.001676 -0.01031 -0.010376 -0.009019 -0.022248  0.006874  0.009501 -0.032822 -0.000432 -0.018116 -0.002087 -0.001648  0.005225 -0.005024  0.00704  0.010391 -0.022333 -0.004427  0.0 -0.001987 -0.036561 -0.019014  0.007821 -0.00933 -0.000924  0.005909 -0.009102 -0.00236  0.009638 -0.019472  0.00644 -0.029142 -0.003947 -0.004244 -0.028931 -0.02639 -0.00644  0.014338 -0.013798  0.00668  0.023119
2024-10-01  Department of Housing and Urban Development       0.000000e+00                    NaN -0.011593 -0.006192 -0.001676 -0.01031 -0.010376 -0.009019 -0.022248  0.006874  0.009501 -0.032822 -0.000432 -0.018116 -0.002087 -0.001648  0.005225 -0.005024  0.00704  0.010391 -0.022333 -0.004427  0.0 -0.001987 -0.036561 -0.019014  0.007821 -0.00933 -0.000924  0.005909 -0.009102 -0.00236  0.009638 -0.019472  0.00644 -0.029142 -0.003947 -0.004244 -0.028931 -0.02639 -0.00644  0.014338 -0.013798  0.00668  0.023119
2024-10-01  Department of Housing and Urban Development       0.000000e+00                    NaN -0.011593 -0.006192 -0.001676 -0.01031 -0.010376 -0.009019 -0.022248  0.006874  0.009501 -0.032822 -0.000432 -0.018116 -0.002087 -0.001648  0.005225 -0.005024  0.00704  0.010391 -0.022333 -0.004427  0.0 -0.001987 -0.036561 -0.019014  0.007821 -0.00933 -0.000924  0.005909 -0.009102 -0.00236  0.009638 -0.019472  0.00644 -0.029142 -0.003947 -0.004244 -0.028931 -0.02639 -0.00644  0.014338 -0.013798  0.00668  0.023119
2024-10-01  Department of Housing and Urban Development       0.000000e+00                    NaN -0.011593 -0.006192 -0.001676 -0.01031 -0.010376 -0.009019 -0.022248  0.006874  0.009501 -0.032822 -0.000432 -0.018116 -0.002087 -0.001648  0.005225 -0.005024  0.00704  0.010391 -0.022333 -0.004427  0.0 -0.001987 -0.036561 -0.019014  0.007821 -0.00933 -0.000924  0.005909 -0.009102 -0.00236  0.009638 -0.019472  0.00644 -0.029142 -0.003947 -0.004244 -0.028931 -0.02639 -0.00644  0.014338 -0.013798  0.00668  0.023119
2024-10-01  Department of Housing and Urban Development       0.000000e+00                    NaN -0.011593 -0.006192 -0.001676 -0.01031 -0.010376 -0.009019 -0.022248  0.006874  0.009501 -0.032822 -0.000432 -0.018116 -0.002087 -0.001648  0.005225 -0.005024  0.00704  0.010391 -0.022333 -0.004427  0.0 -0.001987 -0.036561 -0.019014  0.007821 -0.00933 -0.000924  0.005909 -0.009102 -0.00236  0.009638 -0.019472  0.00644 -0.029142 -0.003947 -0.004244 -0.028931 -0.02639 -0.00644  0.014338 -0.013798  0.00668  0.023119
2024-10-01                      Department of Education       3.563597e+07            35607472.24 -0.011593 -0.006192 -0.001676 -0.01031 -0.010376 -0.009019 -0.022248  0.006874  0.009501 -0.032822 -0.000432 -0.018116 -0.002087 -0.001648  0.005225 -0.005024  0.00704  0.010391 -0.022333 -0.004427  0.0 -0.001987 -0.036561 -0.019014  0.007821 -0.00933 -0.000924  0.005909 -0.009102 -0.00236  0.009638 -0.019472  0.00644 -0.029142 -0.003947 -0.004244 -0.028931 -0.02639 -0.00644  0.014338 -0.013798  0.00668  0.023119
2024-10-01                      Department of Education       1.133382e+07            11333935.00 -0.011593 -0.006192 -0.001676 -0.01031 -0.010376 -0.009019 -0.022248  0.006874  0.009501 -0.032822 -0.000432 -0.018116 -0.002087 -0.001648  0.005225 -0.005024  0.00704  0.010391 -0.022333 -0.004427  0.0 -0.001987 -0.036561 -0.019014  0.007821 -0.00933 -0.000924  0.005909 -0.009102 -0.00236  0.009638 -0.019472  0.00644 -0.029142 -0.003947 -0.004244 -0.028931 -0.02639 -0.00644  0.014338 -0.013798  0.00668  0.023119
2024-10-01                      Department of Education       2.899215e+08             5540650.60 -0.011593 -0.006192 -0.001676 -0.01031 -0.010376 -0.009019 -0.022248  0.006874  0.009501 -0.032822 -0.000432 -0.018116 -0.002087 -0.001648  0.005225 -0.005024  0.00704  0.010391 -0.022333 -0.004427  0.0 -0.001987 -0.036561 -0.019014  0.007821 -0.00933 -0.000924  0.005909 -0.009102 -0.00236  0.009638 -0.019472  0.00644 -0.029142 -0.003947 -0.004244 -0.028931 -0.02639 -0.00644  0.014338 -0.013798  0.00668  0.023119
2024-10-01                      Department of Education       1.426019e+07            14263691.65 -0.011593 -0.006192 -0.001676 -0.01031 -0.010376 -0.009019 -0.022248  0.006874  0.009501 -0.032822 -0.000432 -0.018116 -0.002087 -0.001648  0.005225 -0.005024  0.00704  0.010391 -0.022333 -0.004427  0.0 -0.001987 -0.036561 -0.019014  0.007821 -0.00933 -0.000924  0.005909 -0.009102 -0.00236  0.009638 -0.019472  0.00644 -0.029142 -0.003947 -0.004244 -0.028931 -0.02639 -0.00644  0.014338 -0.013798  0.00668  0.023119
2024-10-01                Small Business Administration       0.000000e+00                    NaN -0.011593 -0.006192 -0.001676 -0.01031 -0.010376 -0.009019 -0.022248  0.006874  0.009501 -0.032822 -0.000432 -0.018116 -0.002087 -0.001648  0.005225 -0.005024  0.00704  0.010391 -0.022333 -0.004427  0.0 -0.001987 -0.036561 -0.019014  0.007821 -0.00933 -0.000924  0.005909 -0.009102 -0.00236  0.009638 -0.019472  0.00644 -0.029142 -0.003947 -0.004244 -0.028931 -0.02639 -0.00644  0.014338 -0.013798  0.00668  0.023119
2024-10-01  Department of Housing and Urban Development       0.000000e+00                    NaN -0.011593 -0.006192 -0.001676 -0.01031 -0.010376 -0.009019 -0.022248  0.006874  0.009501 -0.032822 -0.000432 -0.018116 -0.002087 -0.001648  0.005225 -0.005024  0.00704  0.010391 -0.022333 -0.004427  0.0 -0.001987 -0.036561 -0.019014  0.007821 -0.00933 -0.000924  0.005909 -0.009102 -0.00236  0.009638 -0.019472  0.00644 -0.029142 -0.003947 -0.004244 -0.028931 -0.02639 -0.00644  0.014338 -0.013798  0.00668  0.023119
2024-10-01     Institute of Museum and Library Services       1.295500e+05               77631.31 -0.011593 -0.006192 -0.001676 -0.01031 -0.010376 -0.009019 -0.022248  0.006874  0.009501 -0.032822 -0.000432 -0.018116 -0.002087 -0.001648  0.005225 -0.005024  0.00704  0.010391 -0.022333 -0.004427  0.0 -0.001987 -0.036561 -0.019014  0.007821 -0.00933 -0.000924  0.005909 -0.009102 -0.00236  0.009638 -0.019472  0.00644 -0.029142 -0.003947 -0.004244 -0.028931 -0.02639 -0.00644  0.014338 -0.013798  0.00668  0.023119
2024-10-01  Department of Housing and Urban Development       0.000000e+00                    NaN -0.011593 -0.006192 -0.001676 -0.01031 -0.010376 -0.009019 -0.022248  0.006874  0.009501 -0.032822 -0.000432 -0.018116 -0.002087 -0.001648  0.005225 -0.005024  0.00704  0.010391 -0.022333 -0.004427  0.0 -0.001987 -0.036561 -0.019014  0.007821 -0.00933 -0.000924  0.005909 -0.009102 -0.00236  0.009638 -0.019472  0.00644 -0.029142 -0.003947 -0.004244 -0.028931 -0.02639 -0.00644  0.014338 -0.013798  0.00668  0.023119
2024-10-01  Department of Housing and Urban Development       0.000000e+00                    NaN -0.011593 -0.006192 -0.001676 -0.01031 -0.010376 -0.009019 -0.022248  0.006874  0.009501 -0.032822 -0.000432 -0.018116 -0.002087 -0.001648  0.005225 -0.005024  0.00704  0.010391 -0.022333 -0.004427  0.0 -0.001987 -0.036561 -0.019014  0.007821 -0.00933 -0.000924  0.005909 -0.009102 -0.00236  0.009638 -0.019472  0.00644 -0.029142 -0.003947 -0.004244 -0.028931 -0.02639 -0.00644  0.014338 -0.013798  0.00668  0.023119
2024-10-01                      Department of Education       2.554877e+06             2514529.00 -0.011593 -0.006192 -0.001676 -0.01031 -0.010376 -0.009019 -0.022248  0.006874  0.009501 -0.032822 -0.000432 -0.018116 -0.002087 -0.001648  0.005225 -0.005024  0.00704  0.010391 -0.022333 -0.004427  0.0 -0.001987 -0.036561 -0.019014  0.007821 -0.00933 -0.000924  0.005909 -0.009102 -0.00236  0.009638 -0.019472  0.00644 -0.029142 -0.003947 -0.004244 -0.028931 -0.02639 -0.00644  0.014338 -0.013798  0.00668  0.023119
2024-10-01  Department of Housing and Urban Development       0.000000e+00                    NaN -0.011593 -0.006192 -0.001676 -0.01031 -0.010376 -0.009019 -0.022248  0.006874  0.009501 -0.032822 -0.000432 -0.018116 -0.002087 -0.001648  0.005225 -0.005024  0.00704  0.010391 -0.022333 -0.004427  0.0 -0.001987 -0.036561 -0.019014  0.007821 -0.00933 -0.000924  0.005909 -0.009102 -0.00236  0.009638 -0.019472  0.00644 -0.029142 -0.003947 -0.004244 -0.028931 -0.02639 -0.00644  0.014338 -0.013798  0.00668  0.023119
2024-10-01  Department of Housing and Urban Development       0.000000e+00                    NaN -0.011593 -0.006192 -0.001676 -0.01031 -0.010376 -0.009019 -0.022248  0.006874  0.009501 -0.032822 -0.000432 -0.018116 -0.002087 -0.001648  0.005225 -0.005024  0.00704  0.010391 -0.022333 -0.004427  0.0 -0.001987 -0.036561 -0.019014  0.007821 -0.00933 -0.000924  0.005909 -0.009102 -0.00236  0.009638 -0.019472  0.00644 -0.029142 -0.003947 -0.004244 -0.028931 -0.02639 -0.00644  0.014338 -0.013798  0.00668  0.023119
2024-10-01  Department of Housing and Urban Development       0.000000e+00                    NaN -0.011593 -0.006192 -0.001676 -0.01031 -0.010376 -0.009019 -0.022248  0.006874  0.009501 -0.032822 -0.000432 -0.018116 -0.002087 -0.001648  0.005225 -0.005024  0.00704  0.010391 -0.022333 -0.004427  0.0 -0.001987 -0.036561 -0.019014  0.007821 -0.00933 -0.000924  0.005909 -0.009102 -0.00236  0.009638 -0.019472  0.00644 -0.029142 -0.003947 -0.004244 -0.028931 -0.02639 -0.00644  0.014338 -0.013798  0.00668  0.023119
2024-10-01  Department of Housing and Urban Development       0.000000e+00                    NaN -0.011593 -0.006192 -0.001676 -0.01031 -0.010376 -0.009019 -0.022248  0.006874  0.009501 -0.032822 -0.000432 -0.018116 -0.002087 -0.001648  0.005225 -0.005024  0.00704  0.010391 -0.022333 -0.004427  0.0 -0.001987 -0.036561 -0.019014  0.007821 -0.00933 -0.000924  0.005909 -0.009102 -0.00236  0.009638 -0.019472  0.00644 -0.029142 -0.003947 -0.004244 -0.028931 -0.02639 -0.00644  0.014338 -0.013798  0.00668  0.023119
2024-10-01                      Department of Education       8.494921e+06             7600000.00 -0.011593 -0.006192 -0.001676 -0.01031 -0.010376 -0.009019 -0.022248  0.006874  0.009501 -0.032822 -0.000432 -0.018116 -0.002087 -0.001648  0.005225 -0.005024  0.00704  0.010391 -0.022333 -0.004427  0.0 -0.001987 -0.036561 -0.019014  0.007821 -0.00933 -0.000924  0.005909 -0.009102 -0.00236  0.009638 -0.019472  0.00644 -0.029142 -0.003947 -0.004244 -0.028931 -0.02639 -0.00644  0.014338 -0.013798  0.00668  0.023119
2024-10-01      Department of Health and Human Services       5.956306e+05                    NaN -0.011593 -0.006192 -0.001676 -0.01031 -0.010376 -0.009019 -0.022248  0.006874  0.009501 -0.032822 -0.000432 -0.018116 -0.002087 -0.001648  0.005225 -0.005024  0.00704  0.010391 -0.022333 -0.004427  0.0 -0.001987 -0.036561 -0.019014  0.007821 -0.00933 -0.000924  0.005909 -0.009102 -0.00236  0.009638 -0.019472  0.00644 -0.029142 -0.003947 -0.004244 -0.028931 -0.02639 -0.00644  0.014338 -0.013798  0.00668  0.023119
2024-10-01  Department of Housing and Urban Development       0.000000e+00                    NaN -0.011593 -0.006192 -0.001676 -0.01031 -0.010376 -0.009019 -0.022248  0.006874  0.009501 -0.032822 -0.000432 -0.018116 -0.002087 -0.001648  0.005225 -0.005024  0.00704  0.010391 -0.022333 -0.004427  0.0 -0.001987 -0.036561 -0.019014  0.007821 -0.00933 -0.000924  0.005909 -0.009102 -0.00236  0.009638 -0.019472  0.00644 -0.029142 -0.003947 -0.004244 -0.028931 -0.02639 -0.00644  0.014338 -0.013798  0.00668  0.023119
2024-10-01              Environmental Protection Agency       2.957230e+05                    NaN -0.011593 -0.006192 -0.001676 -0.01031 -0.010376 -0.009019 -0.022248  0.006874  0.009501 -0.032822 -0.000432 -0.018116 -0.002087 -0.001648  0.005225 -0.005024  0.00704  0.010391 -0.022333 -0.004427  0.0 -0.001987 -0.036561 -0.019014  0.007821 -0.00933 -0.000924  0.005909 -0.009102 -0.00236  0.009638 -0.019472  0.00644 -0.029142 -0.003947 -0.004244 -0.028931 -0.02639 -0.00644  0.014338 -0.013798  0.00668  0.023119
2024-10-01  Department of Housing and Urban Development       0.000000e+00                    NaN -0.011593 -0.006192 -0.001676 -0.01031 -0.010376 -0.009019 -0.022248  0.006874  0.009501 -0.032822 -0.000432 -0.018116 -0.002087 -0.001648  0.005225 -0.005024  0.00704  0.010391 -0.022333 -0.004427  0.0 -0.001987 -0.036561 -0.019014  0.007821 -0.00933 -0.000924  0.005909 -0.009102 -0.00236  0.009638 -0.019472  0.00644 -0.029142 -0.003947 -0.004244 -0.028931 -0.02639 -0.00644  0.014338 -0.013798  0.00668  0.023119
2024-10-01  Department of Housing and Urban Development       0.000000e+00                    NaN -0.011593 -0.006192 -0.001676 -0.01031 -0.010376 -0.009019 -0.022248  0.006874  0.009501 -0.032822 -0.000432 -0.018116 -0.002087 -0.001648  0.005225 -0.005024  0.00704  0.010391 -0.022333 -0.004427  0.0 -0.001987 -0.036561 -0.019014  0.007821 -0.00933 -0.000924  0.005909 -0.009102 -0.00236  0.009638 -0.019472  0.00644 -0.029142 -0.003947 -0.004244 -0.028931 -0.02639 -0.00644  0.014338 -0.013798  0.00668  0.023119
2024-10-01  Department of Housing and Urban Development       0.000000e+00                    NaN -0.011593 -0.006192 -0.001676 -0.01031 -0.010376 -0.009019 -0.022248  0.006874  0.009501 -0.032822 -0.000432 -0.018116 -0.002087 -0.001648  0.005225 -0.005024  0.00704  0.010391 -0.022333 -0.004427  0.0 -0.001987 -0.036561 -0.019014  0.007821 -0.00933 -0.000924  0.005909 -0.009102 -0.00236  0.009638 -0.019472  0.00644 -0.029142 -0.003947 -0.004244 -0.028931 -0.02639 -0.00644  0.014338 -0.013798  0.00668  0.023119
2024-10-01  Department of Housing and Urban Development       0.000000e+00                    NaN -0.011593 -0.006192 -0.001676 -0.01031 -0.010376 -0.009019 -0.022248  0.006874  0.009501 -0.032822 -0.000432 -0.018116 -0.002087 -0.001648  0.005225 -0.005024  0.00704  0.010391 -0.022333 -0.004427  0.0 -0.001987 -0.036561 -0.019014  0.007821 -0.00933 -0.000924  0.005909 -0.009102 -0.00236  0.009638 -0.019472  0.00644 -0.029142 -0.003947 -0.004244 -0.028931 -0.02639 -0.00644  0.014338 -0.013798  0.00668  0.023119
2024-10-01  Department of Housing and Urban Development       0.000000e+00                    NaN -0.011593 -0.006192 -0.001676 -0.01031 -0.010376 -0.009019 -0.022248  0.006874  0.009501 -0.032822 -0.000432 -0.018116 -0.002087 -0.001648  0.005225 -0.005024  0.00704  0.010391 -0.022333 -0.004427  0.0 -0.001987 -0.036561 -0.019014  0.007821 -0.00933 -0.000924  0.005909 -0.009102 -0.00236  0.009638 -0.019472  0.00644 -0.029142 -0.003947 -0.004244 -0.028931 -0.02639 -0.00644  0.014338 -0.013798  0.00668  0.023119
2024-10-01  Department of Housing and Urban Development       0.000000e+00                    NaN -0.011593 -0.006192 -0.001676 -0.01031 -0.010376 -0.009019 -0.022248  0.006874  0.009501 -0.032822 -0.000432 -0.018116 -0.002087 -0.001648  0.005225 -0.005024  0.00704  0.010391 -0.022333 -0.004427  0.0 -0.001987 -0.036561 -0.019014  0.007821 -0.00933 -0.000924  0.005909 -0.009102 -0.00236  0.009638 -0.019472  0.00644 -0.029142 -0.003947 -0.004244 -0.028931 -0.02639 -0.00644  0.014338 -0.013798  0.00668  0.023119
2024-10-01  Department of Housing and Urban Development       0.000000e+00                    NaN -0.011593 -0.006192 -0.001676 -0.01031 -0.010376 -0.009019 -0.022248  0.006874  0.009501 -0.032822 -0.000432 -0.018116 -0.002087 -0.001648  0.005225 -0.005024  0.00704  0.010391 -0.022333 -0.004427  0.0 -0.001987 -0.036561 -0.019014  0.007821 -0.00933 -0.000924  0.005909 -0.009102 -0.00236  0.009638 -0.019472  0.00644 -0.029142 -0.003947 -0.004244 -0.028931 -0.02639 -0.00644  0.014338 -0.013798  0.00668  0.023119
2024-10-01  Department of Housing and Urban Development       0.000000e+00                    NaN -0.011593 -0.006192 -0.001676 -0.01031 -0.010376 -0.009019 -0.022248  0.006874  0.009501 -0.032822 -0.000432 -0.018116 -0.002087 -0.001648  0.005225 -0.005024  0.00704  0.010391 -0.022333 -0.004427  0.0 -0.001987 -0.036561 -0.019014  0.007821 -0.00933 -0.000924  0.005909 -0.009102 -0.00236  0.009638 -0.019472  0.00644 -0.029142 -0.003947 -0.004244 -0.028931 -0.02639 -0.00644  0.014338 -0.013798  0.00668  0.023119
2024-10-01  Department of Housing and Urban Development       0.000000e+00                    NaN -0.011593 -0.006192 -0.001676 -0.01031 -0.010376 -0.009019 -0.022248  0.006874  0.009501 -0.032822 -0.000432 -0.018116 -0.002087 -0.001648  0.005225 -0.005024  0.00704  0.010391 -0.022333 -0.004427  0.0 -0.001987 -0.036561 -0.019014  0.007821 -0.00933 -0.000924  0.005909 -0.009102 -0.00236  0.009638 -0.019472  0.00644 -0.029142 -0.003947 -0.004244 -0.028931 -0.02639 -0.00644  0.014338 -0.013798  0.00668  0.023119
2024-10-01  Department of Housing and Urban Development       0.000000e+00                    NaN -0.011593 -0.006192 -0.001676 -0.01031 -0.010376 -0.009019 -0.022248  0.006874  0.009501 -0.032822 -0.000432 -0.018116 -0.002087 -0.001648  0.005225 -0.005024  0.00704  0.010391 -0.022333 -0.004427  0.0 -0.001987 -0.036561 -0.019014  0.007821 -0.00933 -0.000924  0.005909 -0.009102 -0.00236  0.009638 -0.019472  0.00644 -0.029142 -0.003947 -0.004244 -0.028931 -0.02639 -0.00644  0.014338 -0.013798  0.00668  0.023119
2024-10-01                      Department of Education       1.568130e+05                    NaN -0.011593 -0.006192 -0.001676 -0.01031 -0.010376 -0.009019 -0.022248  0.006874  0.009501 -0.032822 -0.000432 -0.018116 -0.002087 -0.001648  0.005225 -0.005024  0.00704  0.010391 -0.022333 -0.004427  0.0 -0.001987 -0.036561 -0.019014  0.007821 -0.00933 -0.000924  0.005909 -0.009102 -0.00236  0.009638 -0.019472  0.00644 -0.029142 -0.003947 -0.004244 -0.028931 -0.02639 -0.00644  0.014338 -0.013798  0.00668  0.023119
2024-10-01                      Department of Education       1.568130e+05                    NaN -0.011593 -0.006192 -0.001676 -0.01031 -0.010376 -0.009019 -0.022248  0.006874  0.009501 -0.032822 -0.000432 -0.018116 -0.002087 -0.001648  0.005225 -0.005024  0.00704  0.010391 -0.022333 -0.004427  0.0 -0.001987 -0.036561 -0.019014  0.007821 -0.00933 -0.000924  0.005909 -0.009102 -0.00236  0.009638 -0.019472  0.00644 -0.029142 -0.003947 -0.004244 -0.028931 -0.02639 -0.00644  0.014338 -0.013798  0.00668  0.023119
2024-10-01                Small Business Administration       0.000000e+00                    NaN -0.011593 -0.006192 -0.001676 -0.01031 -0.010376 -0.009019 -0.022248  0.006874  0.009501 -0.032822 -0.000432 -0.018116 -0.002087 -0.001648  0.005225 -0.005024  0.00704  0.010391 -0.022333 -0.004427  0.0 -0.001987 -0.036561 -0.019014  0.007821 -0.00933 -0.000924  0.005909 -0.009102 -0.00236  0.009638 -0.019472  0.00644 -0.029142 -0.003947 -0.004244 -0.028931 -0.02639 -0.00644  0.014338 -0.013798  0.00668  0.023119
2024-10-01                        Department of Defense       0.000000e+00                    NaN -0.011593 -0.006192 -0.001676 -0.01031 -0.010376 -0.009019 -0.022248  0.006874  0.009501 -0.032822 -0.000432 -0.018116 -0.002087 -0.001648  0.005225 -0.005024  0.00704  0.010391 -0.022333 -0.004427  0.0 -0.001987 -0.036561 -0.019014  0.007821 -0.00933 -0.000924  0.005909 -0.009102 -0.00236  0.009638 -0.019472  0.00644 -0.029142 -0.003947 -0.004244 -0.028931 -0.02639 -0.00644  0.014338 -0.013798  0.00668  0.023119
2024-10-01  Department of Housing and Urban Development       0.000000e+00                    NaN -0.011593 -0.006192 -0.001676 -0.01031 -0.010376 -0.009019 -0.022248  0.006874  0.009501 -0.032822 -0.000432 -0.018116 -0.002087 -0.001648  0.005225 -0.005024  0.00704  0.010391 -0.022333 -0.004427  0.0 -0.001987 -0.036561 -0.019014  0.007821 -0.00933 -0.000924  0.005909 -0.009102 -0.00236  0.009638 -0.019472  0.00644 -0.029142 -0.003947 -0.004244 -0.028931 -0.02639 -0.00644  0.014338 -0.013798  0.00668  0.023119
2024-10-01  Department of Housing and Urban Development       0.000000e+00                    NaN -0.011593 -0.006192 -0.001676 -0.01031 -0.010376 -0.009019 -0.022248  0.006874  0.009501 -0.032822 -0.000432 -0.018116 -0.002087 -0.001648  0.005225 -0.005024  0.00704  0.010391 -0.022333 -0.004427  0.0 -0.001987 -0.036561 -0.019014  0.007821 -0.00933 -0.000924  0.005909 -0.009102 -0.00236  0.009638 -0.019472  0.00644 -0.029142 -0.003947 -0.004244 -0.028931 -0.02639 -0.00644  0.014338 -0.013798  0.00668  0.023119
2024-10-01  Department of Housing and Urban Development       0.000000e+00                    NaN -0.011593 -0.006192 -0.001676 -0.01031 -0.010376 -0.009019 -0.022248  0.006874  0.009501 -0.032822 -0.000432 -0.018116 -0.002087 -0.001648  0.005225 -0.005024  0.00704  0.010391 -0.022333 -0.004427  0.0 -0.001987 -0.036561 -0.019014  0.007821 -0.00933 -0.000924  0.005909 -0.009102 -0.00236  0.009638 -0.019472  0.00644 -0.029142 -0.003947 -0.004244 -0.028931 -0.02639 -0.00644  0.014338 -0.013798  0.00668  0.023119
2024-10-01                        Department of Defense       1.903000e+06                    NaN -0.011593 -0.006192 -0.001676 -0.01031 -0.010376 -0.009019 -0.022248  0.006874  0.009501 -0.032822 -0.000432 -0.018116 -0.002087 -0.001648  0.005225 -0.005024  0.00704  0.010391 -0.022333 -0.004427  0.0 -0.001987 -0.036561 -0.019014  0.007821 -0.00933 -0.000924  0.005909 -0.009102 -0.00236  0.009638 -0.019472  0.00644 -0.029142 -0.003947 -0.004244 -0.028931 -0.02639 -0.00644  0.014338 -0.013798  0.00668  0.023119
2024-10-01  Department of Housing and Urban Development       0.000000e+00                    NaN -0.011593 -0.006192 -0.001676 -0.01031 -0.010376 -0.009019 -0.022248  0.006874  0.009501 -0.032822 -0.000432 -0.018116 -0.002087 -0.001648  0.005225 -0.005024  0.00704  0.010391 -0.022333 -0.004427  0.0 -0.001987 -0.036561 -0.019014  0.007821 -0.00933 -0.000924  0.005909 -0.009102 -0.00236  0.009638 -0.019472  0.00644 -0.029142 -0.003947 -0.004244 -0.028931 -0.02639 -0.00644  0.014338 -0.013798  0.00668  0.023119
2024-10-01  Department of Housing and Urban Development       0.000000e+00                    NaN -0.011593 -0.006192 -0.001676 -0.01031 -0.010376 -0.009019 -0.022248  0.006874  0.009501 -0.032822 -0.000432 -0.018116 -0.002087 -0.001648  0.005225 -0.005024  0.00704  0.010391 -0.022333 -0.004427  0.0 -0.001987 -0.036561 -0.019014  0.007821 -0.00933 -0.000924  0.005909 -0.009102 -0.00236  0.009638 -0.019472  0.00644 -0.029142 -0.003947 -0.004244 -0.028931 -0.02639 -0.00644  0.014338 -0.013798  0.00668  0.023119
2024-10-01  Department of Housing and Urban Development       0.000000e+00                    NaN -0.011593 -0.006192 -0.001676 -0.01031 -0.010376 -0.009019 -0.022248  0.006874  0.009501 -0.032822 -0.000432 -0.018116 -0.002087 -0.001648  0.005225 -0.005024  0.00704  0.010391 -0.022333 -0.004427  0.0 -0.001987 -0.036561 -0.019014  0.007821 -0.00933 -0.000924  0.005909 -0.009102 -0.00236  0.009638 -0.019472  0.00644 -0.029142 -0.003947 -0.004244 -0.028931 -0.02639 -0.00644  0.014338 -0.013798  0.00668  0.023119
2024-10-01  Department of Housing and Urban Development       0.000000e+00                    NaN -0.011593 -0.006192 -0.001676 -0.01031 -0.010376 -0.009019 -0.022248  0.006874  0.009501 -0.032822 -0.000432 -0.018116 -0.002087 -0.001648  0.005225 -0.005024  0.00704  0.010391 -0.022333 -0.004427  0.0 -0.001987 -0.036561 -0.019014  0.007821 -0.00933 -0.000924  0.005909 -0.009102 -0.00236  0.009638 -0.019472  0.00644 -0.029142 -0.003947 -0.004244 -0.028931 -0.02639 -0.00644  0.014338 -0.013798  0.00668  0.023119
2024-10-01  Department of Housing and Urban Development       0.000000e+00                    NaN -0.011593 -0.006192 -0.001676 -0.01031 -0.010376 -0.009019 -0.022248  0.006874  0.009501 -0.032822 -0.000432 -0.018116 -0.002087 -0.001648  0.005225 -0.005024  0.00704  0.010391 -0.022333 -0.004427  0.0 -0.001987 -0.036561 -0.019014  0.007821 -0.00933 -0.000924  0.005909 -0.009102 -0.00236  0.009638 -0.019472  0.00644 -0.029142 -0.003947 -0.004244 -0.028931 -0.02639 -0.00644  0.014338 -0.013798  0.00668  0.023119
2024-10-01  Department of Housing and Urban Development       0.000000e+00                    NaN -0.011593 -0.006192 -0.001676 -0.01031 -0.010376 -0.009019 -0.022248  0.006874  0.009501 -0.032822 -0.000432 -0.018116 -0.002087 -0.001648  0.005225 -0.005024  0.00704  0.010391 -0.022333 -0.004427  0.0 -0.001987 -0.036561 -0.019014  0.007821 -0.00933 -0.000924  0.005909 -0.009102 -0.00236  0.009638 -0.019472  0.00644 -0.029142 -0.003947 -0.004244 -0.028931 -0.02639 -0.00644  0.014338 -0.013798  0.00668  0.023119
2024-10-01  Department of Housing and Urban Development       0.000000e+00                    NaN -0.011593 -0.006192 -0.001676 -0.01031 -0.010376 -0.009019 -0.022248  0.006874  0.009501 -0.032822 -0.000432 -0.018116 -0.002087 -0.001648  0.005225 -0.005024  0.00704  0.010391 -0.022333 -0.004427  0.0 -0.001987 -0.036561 -0.019014  0.007821 -0.00933 -0.000924  0.005909 -0.009102 -0.00236  0.009638 -0.019472  0.00644 -0.029142 -0.003947 -0.004244 -0.028931 -0.02639 -0.00644  0.014338 -0.013798  0.00668  0.023119
2024-10-01      Department of Health and Human Services       3.640674e+06             2540542.17 -0.011593 -0.006192 -0.001676 -0.01031 -0.010376 -0.009019 -0.022248  0.006874  0.009501 -0.032822 -0.000432 -0.018116 -0.002087 -0.001648  0.005225 -0.005024  0.00704  0.010391 -0.022333 -0.004427  0.0 -0.001987 -0.036561 -0.019014  0.007821 -0.00933 -0.000924  0.005909 -0.009102 -0.00236  0.009638 -0.019472  0.00644 -0.029142 -0.003947 -0.004244 -0.028931 -0.02639 -0.00644  0.014338 -0.013798  0.00668  0.023119
2024-10-01  Department of Housing and Urban Development       0.000000e+00                    NaN -0.011593 -0.006192 -0.001676 -0.01031 -0.010376 -0.009019 -0.022248  0.006874  0.009501 -0.032822 -0.000432 -0.018116 -0.002087 -0.001648  0.005225 -0.005024  0.00704  0.010391 -0.022333 -0.004427  0.0 -0.001987 -0.036561 -0.019014  0.007821 -0.00933 -0.000924  0.005909 -0.009102 -0.00236  0.009638 -0.019472  0.00644 -0.029142 -0.003947 -0.004244 -0.028931 -0.02639 -0.00644  0.014338 -0.013798  0.00668  0.023119