                                             total_obligations  total_outlayed_amount       BAC     BRK.B     CMCSA     COST       CRM      CSCO       DIS     GOOGL        HD      INTC       JNJ       JPM        KO       LLY        MA       MCD     META       MRK      MSFT      NFLX  NGL     NSRGY      NVDA      ORCL       PEP      PFE        PG         T       TMO      UNH         V       WFC      WMT      AAPL       ABT       ACN      ADBE      AMD     AMZN        BA      TSLA       VZ       XOM
awarding_agency_name                                                                                                                                                                                                                                                                                                                                                                                                                                                                                                  
Department of Housing and Urban Development       4.595158e+05               86307.87 -0.011593 -0.006192 -0.001676 -0.01031 -0.010376 -0.009019 -0.022248  0.006874  0.009501 -0.032822 -0.000432 -0.018116 -0.002087 -0.001648  0.005225 -0.005024  0.00704  0.010391 -0.022333 -0.004427  0.0 -0.001987 -0.036561 -0.019014  0.007821 -0.00933 -0.000924  0.005909 -0.009102 -0.00236  0.009638 -0.019472  0.00644 -0.029142 -0.003947 -0.004244 -0.028931 -0.02639 -0.00644  0.014338 -0.013798  0.00668  0.023119
Department of Education                           3.563597e+07            35607472.24 -0.011593 -0.006192 -0.001676 -0.01031 -0.010376 -0.009019 -0.022248  0.006874  0.009501 -0.032822 -0.000432 -0.018116 -0.002087 -0.001648  0.005225 -0.005024  0.00704  0.010391 -0.022333 -0.004427  0.0 -0.001987 -0.036561 -0.019014  0.007821 -0.00933 -0.000924  0.005909 -0.009102 -0.00236  0.009638 -0.019472  0.00644 -0.029142 -0.003947 -0.004244 -0.028931 -0.02639 -0.00644  0.014338 -0.013798  0.00668  0.023119
Department of Education                           1.133382e+07            11333935.00 -0.011593 -0.006192 -0.001676 -0.01031 -0.010376 -0.009019 -0.022248  0.006874  0.009501 -0.032822 -0.000432 -0.018116 -0.002087 -0.001648  0.005225 -0.005024  0.00704  0.010391 -0.022333 -0.004427  0.0 -0.001987 -0.036561 -0.019014  0.007821 -0.00933 -0.000924  0.005909 -0.009102 -0.00236  0.009638 -0.019472  0.00644 -0.029142 -0.003947 -0.004244 -0.028931 -0.02639 -0.00644  0.014338 -0.013798  0.00668  0.023119
Department of Education                           2.899215e+08             5540650.60 -0.011593 -0.006192 -0.001676 -0.01031 -0.010376 -0.009019 -0.022248  0.006874  0.009501 -0.032822 -0.000432 -0.018116 -0.002087 -0.001648  0.005225 -0.005024  0.00704  0.010391 -0.022333 -0.004427  0.0 -0.001987 -0.036561 -0.019014  0.007821 -0.00933 -0.000924  0.005909 -0.009102 -0.00236  0.009638 -0.019472  0.00644 -0.029142 -0.003947 -0.004244 -0.028931 -0.02639 -0.00644  0.014338 -0.013798  0.00668  0.023119
Department of Education                           1.426019e+07            14263691.65 -0.011593 -0.006192 -0.001676 -0.01031 -0.010376 -0.009019 -0.022248  0.006874  0.009501 -0.032822 -0.000432 -0.018116 -0.002087 -0.001648  0.005225 -0.005024  0.00704  0.010391 -0.022333 -0.004427  0.0 -0.001987 -0.036561 -0.019014  0.007821 -0.00933 -0.000924  0.005909 -0.009102 -0.00236  0.009638 -0.019472  0.00644 -0.029142 -0.003947 -0.004244 -0.028931 -0.02639 -0.00644  0.014338 -0.013798  0.00668  0.023119
Institute of Museum and Library Services          1.295500e+05               77631.31 -0.011593 -0.006192 -0.001676 -0.01031 -0.010376 -0.009019 -0.022248  0.006874  0.009501 -0.032822 -0.000432 -0.018116 -0.002087 -0.001648  0.005225 -0.005024  0.00704  0.010391 -0.022333 -0.004427  0.0 -0.001987 -0.036561 -0.019014  0.007821 -0.00933 -0.000924  0.005909 -0.009102 -0.00236  0.009638 -0.019472  0.00644 -0.029142 -0.003947 -0.004244 -0.028931 -0.02639 -0.00644  0.014338 -0.013798  0.00668  0.023119
Department of Education                           2.554877e+06             2514529.00 -0.011593 -0.006192 -0.001676 -0.01031 -0.010376 -0.009019 -0.022248  0.006874  0.009501 -0.032822 -0.000432 -0.018116 -0.002087 -0.001648  0.005225 -0.005024  0.00704  0.010391 -0.022333 -0.004427  0.0 -0.001987 -0.036561 -0.019014  0.007821 -0.00933 -0.000924  0.005909 -0.009102 -0.00236  0.009638 -0.019472  0.00644 -0.029142 -0.003947 -0.004244 -0.028931 -0.02639 -0.00644  0.014338 -0.013798  0.00668  0.023119
Department of Education                           8.494921e+06             7600000.00 -0.011593 -0.006192 -0.001676 -0.01031 -0.010376 -0.009019 -0.022248  0.006874  0.009501 -0.032822 -0.000432 -0.018116 -0.002087 -0.001648  0.005225 -0.005024  0.00704  0.010391 -0.022333 -0.004427  0.0 -0.001987 -0.036561 -0.019014  0.007821 -0.00933 -0.000924  0.005909 -0.009102 -0.00236  0.009638 -0.019472  0.00644 -0.029142 -0.003947 -0.004244 -0.028931 -0.02639 -0.00644  0.014338 -0.013798  0.00668  0.023119
Department of Health and Human Services           3.640674e+06             2540542.17 -0.011593 -0.006192 -0.001676 -0.01031 -0.010376 -0.009019 -0.022248  0.006874  0.009501 -0.032822 -0.000432 -0.018116 -0.002087 -0.001648  0.005225 -0.005024  0.00704  0.010391 -0.022333 -0.004427  0.0 -0.001987 -0.036561 -0.019014  0.007821 -0.00933 -0.000924  0.005909 -0.009102 -0.00236  0.009638 -0.019472  0.00644 -0.029142 -0.003947 -0.004244 -0.028931 -0.02639 -0.00644  0.014338 -0.013798  0.00668  0.023119
Department of Health and Human Services           3.765225e+05                   0.00 -0.011593 -0.006192 -0.001676 -0.01031 -0.010376 -0.009019 -0.022248  0.006874  0.009501 -0.032822 -0.000432 -0.018116 -0.002087 -0.001648  0.005225 -0.005024  0.00704  0.010391 -0.022333 -0.004427  0.0 -0.001987 -0.036561 -0.019014  0.007821 -0.00933 -0.000924  0.005909 -0.009102 -0.00236  0.009638 -0.019472  0.00644 -0.029142 -0.003947 -0.004244 -0.028931 -0.02639 -0.00644  0.014338 -0.013798  0.00668  0.023119
Department of Education                           1.011830e+05               59159.00 -0.011593 -0.006192 -0.001676 -0.01031 -0.010376 -0.009019 -0.022248  0.006874  0.009501 -0.032822 -0.000432 -0.018116 -0.002087 -0.001648  0.005225 -0.005024  0.00704  0.010391 -0.022333 -0.004427  0.0 -0.001987 -0.036561 -0.019014  0.007821 -0.00933 -0.000924  0.005909 -0.009102 -0.00236  0.009638 -0.019472  0.00644 -0.029142 -0.003947 -0.004244 -0.028931 -0.02639 -0.00644  0.014338 -0.013798  0.00668  0.023119
Department of Health and Human Services           5.992190e+05              260339.17 -0.011593 -0.006192 -0.001676 -0.01031 -0.010376 -0.009019 -0.022248  0.006874  0.009501 -0.032822 -0.000432 -0.018116 -0.002087 -0.001648  0.005225 -0.005024  0.00704  0.010391 -0.022333 -0.004427  0.0 -0.001987 -0.036561 -0.019014  0.007821 -0.00933 -0.000924  0.005909 -0.009102 -0.00236  0.009638 -0.019472  0.00644 -0.029142 -0.003947 -0.004244 -0.028931 -0.02639 -0.00644  0.014338 -0.013798  0.00668  0.023119
Department of Education                           1.215348e+07            11941155.29 -0.011593 -0.006192 -0.001676 -0.01031 -0.010376 -0.009019 -0.022248  0.006874  0.009501 -0.032822 -0.000432 -0.018116 -0.002087 -0.001648  0.005225 -0.005024  0.00704  0.010391 -0.022333 -0.004427  0.0 -0.001987 -0.036561 -0.019014  0.007821 -0.00933 -0.000924  0.005909 -0.009102 -0.00236  0.009638 -0.019472  0.00644 -0.029142 -0.003947 -0.004244 -0.028931 -0.02639 -0.00644  0.014338 -0.013798  0.00668  0.023119
Department of Education                           1.434568e+07            12338253.32 -0.011593 -0.006192 -0.001676 -0.01031 -0.010376 -0.009019 -0.022248  0.006874  0.009501 -0.032822 -0.000432 -0.018116 -0.002087 -0.001648  0.005225 -0.005024  0.00704  0.010391 -0.022333 -0.004427  0.0 -0.001987 -0.036561 -0.019014  0.007821 -0.00933 -0.000924  0.005909 -0.009102 -0.00236  0.009638 -0.019472  0.00644 -0.029142 -0.003947 -0.004244 -0.028931 -0.02639 -0.00644  0.014338 -0.013798  0.00668  0.023119
Department of Education                           2.533654e+07            24640000.00 -0.011593 -0.006192 -0.001676 -0.01031 -0.010376 -0.009019 -0.022248  0.006874  0.009501 -0.032822 -0.000432 -0.018116 -0.002087 -0.001648  0.005225 -0.005024  0.00704  0.010391 -0.022333 -0.004427  0.0 -0.001987 -0.036561 -0.019014  0.007821 -0.00933 -0.000924  0.005909 -0.009102 -0.00236  0.009638 -0.019472  0.00644 -0.029142 -0.003947 -0.004244 -0.028931 -0.02639 -0.00644  0.014338 -0.013798  0.00668  0.023119
Department of Education                           5.339552e+05              529595.60 -0.011593 -0.006192 -0.001676 -0.01031 -0.010376 -0.009019 -0.022248  0.006874  0.009501 -0.032822 -0.000432 -0.018116 -0.002087 -0.001648  0.005225 -0.005024  0.00704  0.010391 -0.022333 -0.004427  0.0 -0.001987 -0.036561 -0.019014  0.007821 -0.00933 -0.000924  0.005909 -0.009102 -0.00236  0.009638 -0.019472  0.00644 -0.029142 -0.003947 -0.004244 -0.028931 -0.02639 -0.00644  0.014338 -0.013798  0.00668  0.023119
Department of Education                           3.053185e+06             2842054.00 -0.011593 -0.006192 -0.001676 -0.01031 -0.010376 -0.009019 -0.022248  0.006874  0.009501 -0.032822 -0.000432 -0.018116 -0.002087 -0.001648  0.005225 -0.005024  0.00704  0.010391 -0.022333 -0.004427  0.0 -0.001987 -0.036561 -0.019014  0.007821 -0.00933 -0.000924  0.005909 -0.009102 -0.00236  0.009638 -0.019472  0.00644 -0.029142 -0.003947 -0.004244 -0.028931 -0.02639 -0.00644  0.014338 -0.013798  0.00668  0.023119
Department of Education                           3.053185e+06             2842054.00 -0.011593 -0.006192 -0.001676 -0.01031 -0.010376 -0.009019 -0.022248  0.006874  0.009501 -0.032822 -0.000432 -0.018116 -0.002087 -0.001648  0.005225 -0.005024  0.00704  0.010391 -0.022333 -0.004427  0.0 -0.001987 -0.036561 -0.019014  0.007821 -0.00933 -0.000924  0.005909 -0.009102 -0.00236  0.009638 -0.019472  0.00644 -0.029142 -0.003947 -0.004244 -0.028931 -0.02639 -0.00644  0.014338 -0.013798  0.00668  0.023119
Department of Education                           2.827948e+06              745100.54 -0.011593 -0.006192 -0.001676 -0.01031 -0.010376 -0.009019 -0.022248  0.006874  0.009501 -0.032822 -0.000432 -0.018116 -0.002087 -0.001648  0.005225 -0.005024  0.00704  0.010391 -0.022333 -0.004427  0.0 -0.001987 -0.036561 -0.019014  0.007821 -0.00933 -0.000924  0.005909 -0.009102 -0.00236  0.009638 -0.019472  0.00644 -0.029142 -0.003947 -0.004244 -0.028931 -0.02639 -0.00644  0.014338 -0.013798  0.00668  0.023119
Department of Education                           4.933605e+05              435660.74 -0.011593 -0.006192 -0.001676 -0.01031 -0.010376 -0.009019 -0.022248  0.006874  0.009501 -0.032822 -0.000432 -0.018116 -0.002087 -0.001648  0.005225 -0.005024  0.00704  0.010391 -0.022333 -0.004427  0.0 -0.001987 -0.036561 -0.019014  0.007821 -0.00933 -0.000924  0.005909 -0.009102 -0.00236  0.009638 -0.019472  0.00644 -0.029142 -0.003947 -0.004244 -0.028931 -0.02639 -0.00644  0.014338 -0.013798  0.00668  0.023119
Department of Education                           1.487619e+06              890790.69 -0.011593 -0.006192 -0.001676 -0.01031 -0.010376 -0.009019 -0.022248  0.006874  0.009501 -0.032822 -0.000432 -0.018116 -0.002087 -0.001648  0.005225 -0.005024  0.00704  0.010391 -0.022333 -0.004427  0.0 -0.001987 -0.036561 -0.019014  0.007821 -0.00933 -0.000924  0.005909 -0.009102 -0.00236  0.009638 -0.019472  0.00644 -0.029142 -0.003947 -0.004244 -0.028931 -0.02639 -0.00644  0.014338 -0.013798  0.00668  0.023119
Department of Homeland Security                   5.196343e+07             5713681.92 -0.011593 -0.006192 -0.001676 -0.01031 -0.010376 -0.009019 -0.022248  0.006874  0.009501 -0.032822 -0.000432 -0.018116 -0.002087 -0.001648  0.005225 -0.005024  0.00704  0.010391 -0.022333 -0.004427  0.0 -0.001987 -0.036561 -0.019014  0.007821 -0.00933 -0.000924  0.005909 -0.009102 -0.00236  0.009638 -0.019472  0.00644 -0.029142 -0.003947 -0.004244 -0.028931 -0.02639 -0.00644  0.014338 -0.013798  0.00668  0.023119
Department of Housing and Urban Development       5.560772e+05              129502.61 -0.011593 -0.006192 -0.001676 -0.01031 -0.010376 -0.009019 -0.022248  0.006874  0.009501 -0.032822 -0.000432 -0.018116 -0.002087 -0.001648  0.005225 -0.005024  0.00704  0.010391 -0.022333 -0.004427  0.0 -0.001987 -0.036561 -0.019014  0.007821 -0.00933 -0.000924  0.005909 -0.009102 -0.00236  0.009638 -0.019472  0.00644 -0.029142 -0.003947 -0.004244 -0.028931 -0.02639 -0.00644  0.014338 -0.013798  0.00668  0.023119
Department of Housing and Urban Development       2.742505e+06              939456.61 -0.011593 -0.006192 -0.001676 -0.01031 -0.010376 -0.009019 -0.022248  0.006874  0.009501 -0.032822 -0.000432 -0.018116 -0.002087 -0.001648  0.005225 -0.005024  0.00704  0.010391 -0.022333 -0.004427  0.0 -0.001987 -0.036561 -0.019014  0.007821 -0.00933 -0.000924  0.005909 -0.009102 -0.00236  0.009638 -0.019472  0.00644 -0.029142 -0.003947 -0.004244 -0.028931 -0.02639 -0.00644  0.014338 -0.013798  0.00668  0.023119
Department of Education                           1.761450e+08             9124463.37 -0.011593 -0.006192 -0.001676 -0.01031 -0.010376 -0.009019 -0.022248  0.006874  0.009501 -0.032822 -0.000432 -0.018116 -0.002087 -0.001648  0.005225 -0.005024  0.00704  0.010391 -0.022333 -0.004427  0.0 -0.001987 -0.036561 -0.019014  0.007821 -0.00933 -0.000924  0.005909 -0.009102 -0.00236  0.009638 -0.019472  0.00644 -0.029142 -0.003947 -0.004244 -0.028931 -0.02639 -0.00644  0.014338 -0.013798  0.00668  0.023119
Department of Education                           1.761450e+08             9124463.37 -0.011593 -0.006192 -0.001676 -0.01031 -0.010376 -0.009019 -0.022248  0.006874  0.009501 -0.032822 -0.000432 -0.018116 -0.002087 -0.001648  0.005225 -0.005024  0.00704  0.010391 -0.022333 -0.004427  0.0 -0.001987 -0.036561 -0.019014  0.007821 -0.00933 -0.000924  0.005909 -0.009102 -0.00236  0.009638 -0.019472  0.00644 -0.029142 -0.003947 -0.004244 -0.028931 -0.02639 -0.00644  0.014338 -0.013798  0.00668  0.023119
Department of Education                           1.761450e+08             9124463.37 -0.011593 -0.006192 -0.001676 -0.01031 -0.010376 -0.009019 -0.022248  0.006874  0.009501 -0.032822 -0.000432 -0.018116 -0.002087 -0.001648  0.005225 -0.005024  0.00704  0.010391 -0.022333 -0.004427  0.0 -0.001987 -0.036561 -0.019014  0.007821 -0.00933 -0.000924  0.005909 -0.009102 -0.00236  0.009638 -0.019472  0.00644 -0.029142 -0.003947 -0.004244 -0.028931 -0.02639 -0.00644  0.014338 -0.013798  0.00668  0.023119
Department of Education                           1.761450e+08             9124463.37 -0.011593 -0.006192 -0.001676 -0.01031 -0.010376 -0.009019 -0.022248  0.006874  0.009501 -0.032822 -0.000432 -0.018116 -0.002087 -0.001648  0.005225 -0.005024  0.00704  0.010391 -0.022333 -0.004427  0.0 -0.001987 -0.036561 -0.019014  0.007821 -0.00933 -0.000924  0.005909 -0.009102 -0.00236  0.009638 -0.019472  0.00644 -0.029142 -0.003947 -0.004244 -0.028931 -0.02639 -0.00644  0.014338 -0.013798  0.00668  0.023119
Department of Health and Human Services           5.473967e+06             1627931.51 -0.011593 -0.006192 -0.001676 -0.01031 -0.010376 -0.009019 -0.022248  0.006874  0.009501 -0.032822 -0.000432 -0.018116 -0.002087 -0.001648  0.005225 -0.005024  0.00704  0.010391 -0.022333 -0.004427  0.0 -0.001987 -0.036561 -0.019014  0.007821 -0.00933 -0.000924  0.005909 -0.009102 -0.00236  0.009638 -0.019472  0.00644 -0.029142 -0.003947 -0.004244 -0.028931 -0.02639 -0.00644  0.014338 -0.013798  0.00668  0.023119
Department of Health and Human Services           1.728269e+06             1028364.91 -0.011593 -0.006192 -0.001676 -0.01031 -0.010376 -0.009019 -0.022248  0.006874  0.009501 -0.032822 -0.000432 -0.018116 -0.002087 -0.001648  0.005225 -0.005024  0.00704  0.010391 -0.022333 -0.004427  0.0 -0.001987 -0.036561 -0.019014  0.007821 -0.00933 -0.000924  0.005909 -0.009102 -0.00236  0.009638 -0.019472  0.00644 -0.029142 -0.003947 -0.004244 -0.028931 -0.02639 -0.00644  0.014338 -0.013798  0.00668  0.023119
Department of Housing and Urban Development       1.879434e+05              117608.51 -0.011593 -0.006192 -0.001676 -0.01031 -0.010376 -0.009019 -0.022248  0.006874  0.009501 -0.032822 -0.000432 -0.018116 -0.002087 -0.001648  0.005225 -0.005024  0.00704  0.010391 -0.022333 -0.004427  0.0 -0.001987 -0.036561 -0.019014  0.007821 -0.00933 -0.000924  0.005909 -0.009102 -0.00236  0.009638 -0.019472  0.00644 -0.029142 -0.003947 -0.004244 -0.028931 -0.02639 -0.00644  0.014338 -0.013798  0.00668  0.023119
Department of Education                           2.212821e+06              498772.00 -0.011593 -0.006192 -0.001676 -0.01031 -0.010376 -0.009019 -0.022248  0.006874  0.009501 -0.032822 -0.000432 -0.018116 -0.002087 -0.001648  0.005225 -0.005024  0.00704  0.010391 -0.022333 -0.004427  0.0 -0.001987 -0.036561 -0.019014  0.007821 -0.00933 -0.000924  0.005909 -0.009102 -0.00236  0.009638 -0.019472  0.00644 -0.029142 -0.003947 -0.004244 -0.028931 -0.02639 -0.00644  0.014338 -0.013798  0.00668  0.023119
Department of Education                           4.233086e+05              281629.57 -0.011593 -0.006192 -0.001676 -0.01031 -0.010376 -0.009019 -0.022248  0.006874  0.009501 -0.032822 -0.000432 -0.018116 -0.002087 -0.001648  0.005225 -0.005024  0.00704  0.010391 -0.022333 -0.004427  0.0 -0.001987 -0.036561 -0.019014  0.007821 -0.00933 -0.000924  0.005909 -0.009102 -0.00236  0.009638 -0.019472  0.00644 -0.029142 -0.003947 -0.004244 -0.028931 -0.02639 -0.00644  0.014338 -0.013798  0.00668  0.023119
Department of Education                           3.139620e+05              195858.00 -0.011593 -0.006192 -0.001676 -0.01031 -0.010376 -0.009019 -0.022248  0.006874  0.009501 -0.032822 -0.000432 -0.018116 -0.002087 -0.001648  0.005225 -0.005024  0.00704  0.010391 -0.022333 -0.004427  0.0 -0.001987 -0.036561 -0.019014  0.007821 -0.00933 -0.000924  0.005909 -0.009102 -0.00236  0.009638 -0.019472  0.00644 -0.029142 -0.003947 -0.004244 -0.028931 -0.02639 -0.00644  0.014338 -0.013798  0.00668  0.023119
Department of Education                           3.139620e+05              195858.00 -0.011593 -0.006192 -0.001676 -0.01031 -0.010376 -0.009019 -0.022248  0.006874  0.009501 -0.032822 -0.000432 -0.018116 -0.002087 -0.001648  0.005225 -0.005024  0.00704  0.010391 -0.022333 -0.004427  0.0 -0.001987 -0.036561 -0.019014  0.007821 -0.00933 -0.000924  0.005909 -0.009102 -0.00236  0.009638 -0.019472  0.00644 -0.029142 -0.003947 -0.004244 -0.028931 -0.02639 -0.00644  0.014338 -0.013798  0.00668  0.023119
Department of Education                           3.488367e+06             3169784.00 -0.011593 -0.006192 -0.001676 -0.01031 -0.010376 -0.009019 -0.022248  0.006874  0.009501 -0.032822 -0.000432 -0.018116 -0.002087 -0.001648  0.005225 -0.005024  0.00704  0.010391 -0.022333 -0.004427  0.0 -0.001987 -0.036561 -0.019014  0.007821 -0.00933 -0.000924  0.005909 -0.009102 -0.00236  0.009638 -0.019472  0.00644 -0.029142 -0.003947 -0.004244 -0.028931 -0.02639 -0.00644  0.014338 -0.013798  0.00668  0.023119
Department of Health and Human Services           1.167570e+05               21700.00 -0.011593 -0.006192 -0.001676 -0.01031 -0.010376 -0.009019 -0.022248  0.006874  0.009501 -0.032822 -0.000432 -0.018116 -0.002087 -0.001648  0.005225 -0.005024  0.00704  0.010391 -0.022333 -0.004427  0.0 -0.001987 -0.036561 -0.019014  0.007821 -0.00933 -0.000924  0.005909 -0.009102 -0.00236  0.009638 -0.019472  0.00644 -0.029142 -0.003947 -0.004244 -0.028931 -0.02639 -0.00644  0.014338 -0.013798  0.00668  0.023119
Department of Education                           8.621572e+05              385224.07 -0.011593 -0.006192 -0.001676 -0.01031 -0.010376 -0.009019 -0.022248  0.006874  0.009501 -0.032822 -0.000432 -0.018116 -0.002087 -0.001648  0.005225 -0.005024  0.00704  0.010391 -0.022333 -0.004427  0.0 -0.001987 -0.036561 -0.019014  0.007821 -0.00933 -0.000924  0.005909 -0.009102 -0.00236  0.009638 -0.019472  0.00644 -0.029142 -0.003947 -0.004244 -0.028931 -0.02639 -0.00644  0.014338 -0.013798  0.00668  0.023119
Department of Education                           2.835744e+06             2703602.00 -0.011593 -0.006192 -0.001676 -0.01031 -0.010376 -0.009019 -0.022248  0.006874  0.009501 -0.032822 -0.000432 -0.018116 -0.002087 -0.001648  0.005225 -0.005024  0.00704  0.010391 -0.022333 -0.004427  0.0 -0.001987 -0.036561 -0.019014  0.007821 -0.00933 -0.000924  0.005909 -0.009102 -0.00236  0.009638 -0.019472  0.00644 -0.029142 -0.003947 -0.004244 -0.028931 -0.02639 -0.00644  0.014338 -0.013798  0.00668  0.023119
Department of Education                           7.121965e+06             6201008.34 -0.011593 -0.006192 -0.001676 -0.01031 -0.010376 -0.009019 -0.022248  0.006874  0.009501 -0.032822 -0.000432 -0.018116 -0.002087 -0.001648  0.005225 -0.005024  0.00704  0.010391 -0.022333 -0.004427  0.0 -0.001987 -0.036561 -0.019014  0.007821 -0.00933 -0.000924  0.005909 -0.009102 -0.00236  0.009638 -0.019472  0.00644 -0.029142 -0.003947 -0.004244 -0.028931 -0.02639 -0.00644  0.014338 -0.013798  0.00668  0.023119
Department of Health and Human Services           2.828408e+06             1446764.74 -0.011593 -0.006192 -0.001676 -0.01031 -0.010376 -0.009019 -0.022248  0.006874  0.009501 -0.032822 -0.000432 -0.018116 -0.002087 -0.001648  0.005225 -0.005024  0.00704  0.010391 -0.022333 -0.004427  0.0 -0.001987 -0.036561 -0.019014  0.007821 -0.00933 -0.000924  0.005909 -0.009102 -0.00236  0.009638 -0.019472  0.00644 -0.029142 -0.003947 -0.004244 -0.028931 -0.02639 -0.00644  0.014338 -0.013798  0.00668  0.023119
Department of Education                           4.981219e+05              279112.86 -0.011593 -0.006192 -0.001676 -0.01031 -0.010376 -0.009019 -0.022248  0.006874  0.009501 -0.032822 -0.000432 -0.018116 -0.002087 -0.001648  0.005225 -0.005024  0.00704  0.010391 -0.022333 -0.004427  0.0 -0.001987 -0.036561 -0.019014  0.007821 -0.00933 -0.000924  0.005909 -0.009102 -0.00236  0.009638 -0.019472  0.00644 -0.029142 -0.003947 -0.004244 -0.028931 -0.02639 -0.00644  0.014338 -0.013798  0.00668  0.023119
Department of Education                           2.684066e+06             2293331.00 -0.011593 -0.006192 -0.001676 -0.01031 -0.010376 -0.009019 -0.022248  0.006874  0.009501 -0.032822 -0.000432 -0.018116 -0.002087 -0.001648  0.005225 -0.005024  0.00704  0.010391 -0.022333 -0.004427  0.0 -0.001987 -0.036561 -0.019014  0.007821 -0.00933 -0.000924  0.005909 -0.009102 -0.00236  0.009638 -0.019472  0.00644 -0.029142 -0.003947 -0.004244 -0.028931 -0.02639 -0.00644  0.014338 -0.013798  0.00668  0.023119
Department of Housing and Urban Development       7.689260e+05               67148.31 -0.011593 -0.006192 -0.001676 -0.01031 -0.010376 -0.009019 -0.022248  0.006874  0.009501 -0.032822 -0.000432 -0.018116 -0.002087 -0.001648  0.005225 -0.005024  0.00704  0.010391 -0.022333 -0.004427  0.0 -0.001987 -0.036561 -0.019014  0.007821 -0.00933 -0.000924  0.005909 -0.009102 -0.00236  0.009638 -0.019472  0.00644 -0.029142 -0.003947 -0.004244 -0.028931 -0.02639 -0.00644  0.014338 -0.013798  0.00668  0.023119
Department of Housing and Urban Development       4.498172e+05              449817.17 -0.011593 -0.006192 -0.001676 -0.01031 -0.010376 -0.009019 -0.022248  0.006874  0.009501 -0.032822 -0.000432 -0.018116 -0.002087 -0.001648  0.005225 -0.005024  0.00704  0.010391 -0.022333 -0.004427  0.0 -0.001987 -0.036561 -0.019014  0.007821 -0.00933 -0.000924  0.005909 -0.009102 -0.00236  0.009638 -0.019472  0.00644 -0.029142 -0.003947 -0.004244 -0.028931 -0.02639 -0.00644  0.014338 -0.013798  0.00668  0.023119
Department of Education                           2.379919e+06             1424897.00 -0.011593 -0.006192 -0.001676 -0.01031 -0.010376 -0.009019 -0.022248  0.006874  0.009501 -0.032822 -0.000432 -0.018116 -0.002087 -0.001648  0.005225 -0.005024  0.00704  0.010391 -0.022333 -0.004427  0.0 -0.001987 -0.036561 -0.019014  0.007821 -0.00933 -0.000924  0.005909 -0.009102 -0.00236  0.009638 -0.019472  0.00644 -0.029142 -0.003947 -0.004244 -0.028931 -0.02639 -0.00644  0.014338 -0.013798  0.00668  0.023119
Department of Education                           2.406152e+06             2449744.08 -0.011593 -0.006192 -0.001676 -0.01031 -0.010376 -0.009019 -0.022248  0.006874  0.009501 -0.032822 -0.000432 -0.018116 -0.002087 -0.001648  0.005225 -0.005024  0.00704  0.010391 -0.022333 -0.004427  0.0 -0.001987 -0.036561 -0.019014  0.007821 -0.00933 -0.000924  0.005909 -0.009102 -0.00236  0.009638 -0.019472  0.00644 -0.029142 -0.003947 -0.004244 -0.028931 -0.02639 -0.00644  0.014338 -0.013798  0.00668  0.023119
Department of Housing and Urban Development       7.854190e+03                7854.19 -0.011593 -0.006192 -0.001676 -0.01031 -0.010376 -0.009019 -0.022248  0.006874  0.009501 -0.032822 -0.000432 -0.018116 -0.002087 -0.001648  0.005225 -0.005024  0.00704  0.010391 -0.022333 -0.004427  0.0 -0.001987 -0.036561 -0.019014  0.007821 -0.00933 -0.000924  0.005909 -0.009102 -0.00236  0.009638 -0.019472  0.00644 -0.029142 -0.003947 -0.004244 -0.028931 -0.02639 -0.00644  0.014338 -0.013798  0.00668  0.023119
Department of Education                           3.428675e+06             3030676.35 -0.011593 -0.006192 -0.001676 -0.01031 -0.010376 -0.009019 -0.022248  0.006874  0.009501 -0.032822 -0.000432 -0.018116 -0.002087 -0.001648  0.005225 -0.005024  0.00704  0.010391 -0.022333 -0.004427  0.0 -0.001987 -0.036561 -0.019014  0.007821 -0.00933 -0.000924  0.005909 -0.009102 -0.00236  0.009638 -0.019472  0.00644 -0.029142 -0.003947 -0.004244 -0.028931 -0.02639 -0.00644  0.014338 -0.013798  0.00668  0.023119
Department of Education                           2.684066e+06             2293331.00 -0.011593 -0.006192 -0.001676 -0.01031 -0.010376 -0.009019 -0.022248  0.006874  0.009501 -0.032822 -0.000432 -0.018116 -0.002087 -0.001648  0.005225 -0.005024  0.00704  0.010391 -0.022333 -0.004427  0.0 -0.001987 -0.036561 -0.019014  0.007821 -0.00933 -0.000924  0.005909 -0.009102 -0.00236  0.009638 -0.019472  0.00644 -0.029142 -0.003947 -0.004244 -0.028931 -0.02639 -0.00644  0.014338 -0.013798  0.00668  0.023119