                 v_AAPL        vw    o_AAPL  c_AAPL    h_AAPL    l_AAPL        n                 t_a  AAPL_SMA_10  AAPL_SMA_50  AAPL_Returns
t                                                                                                                                           
2023-12-11   60943699.0  192.7089  193.1100  193.18  193.4900  191.4200   691172 2023-12-11 05:00:00      191.929     181.9150     -0.012927
2023-12-12   52696900.0  193.7834  193.0800  194.71  194.7200  191.7210   510768 2023-12-12 05:00:00      192.360     182.3342      0.007920
2023-12-13   70404183.0  196.9085  195.0900  197.96  198.0000  194.8500   672552 2023-12-13 05:00:00      193.219     182.8454      0.016691
2023-12-14   66831572.0  198.2872  198.0200  198.11  199.6200  196.1600   691862 2023-12-14 05:00:00      194.035     183.3344      0.000758
2023-12-15  127387901.0  197.5600  197.5300  197.57  198.3999  197.0000   625452 2023-12-15 05:00:00      194.668     183.7876     -0.002726
2023-12-18   55751861.0  195.6255  196.0900  195.89  196.6300  194.3900   655763 2023-12-18 05:00:00      195.314     184.1556     -0.008503
2023-12-19   40714051.0  196.5277  196.1600  196.94  196.9500  195.8900   451709 2023-12-19 05:00:00      195.666     184.5146      0.005360
2023-12-20   52242815.0  196.1420  196.9000  194.83  197.6800  194.8300   550599 2023-12-20 05:00:00      195.917     184.8434     -0.010714
2023-12-21   46482549.0  194.7425  196.1000  194.68  197.0800  193.5000   554844 2023-12-21 05:00:00      195.958     185.1410     -0.000770
2023-12-22   37149570.0  194.1013  195.1800  193.60  195.4100  192.9700   500544 2023-12-22 05:00:00      195.747     185.3988     -0.005548
2023-12-26   28919310.0  193.1713  193.6100  193.05  193.8900  192.8300   488257 2023-12-26 05:00:00      195.734     185.6828     -0.002841
2023-12-27   48087681.0  192.5679  192.4900  193.15  193.5000  191.0900   548076 2023-12-27 05:00:00      195.578     185.9714      0.000518
2023-12-28   34049898.0  193.9222  194.1400  193.58  194.6600  193.1700   472404 2023-12-28 05:00:00      195.140     186.3000      0.002226
2023-12-29   42672148.0  192.5761  193.9000  192.53  194.4000  191.7250   509123 2023-12-29 05:00:00      194.582     186.6338     -0.005424
2024-01-02   81964874.0  185.9465  187.1500  185.64  188.4400  183.8850  1008871 2024-01-02 05:00:00      193.389     186.8374     -0.035787
2024-01-03   58414460.0  184.3226  184.2200  184.25  185.8800  183.4300   656853 2024-01-03 05:00:00      192.225     187.0648     -0.007488
2024-01-04   71878670.0  182.0183  182.1500  181.91  183.0872  180.8800   712692 2024-01-04 05:00:00      190.722     187.2430     -0.012700
2024-01-05   62371161.0  181.4740  181.9900  181.18  182.7600  180.1700   682334 2024-01-05 05:00:00      189.357     187.3978     -0.004013
2024-01-08   59144470.0  184.3702  182.0850  185.56  185.6000  181.5000   669173 2024-01-08 05:00:00      188.445     187.6870      0.024175
2024-01-09   42841809.0  184.3706  183.9200  185.14  185.1500  182.7300   538180 2024-01-09 05:00:00      187.599     188.0520     -0.002263
2024-01-10   46192908.0  185.2509  184.3500  186.19  186.4000  183.9200   554777 2024-01-10 05:00:00      186.913     188.4114      0.005671
2024-01-11   49128408.0  185.0604  186.5400  185.59  187.0500  183.6200   584008 2024-01-11 05:00:00      186.157     188.7174     -0.003223
2024-01-12   40477782.0  185.8199  186.0600  185.92  186.7400  185.1900   477050 2024-01-12 05:00:00      185.391     189.0204      0.001778
2024-01-16   65076641.0  182.8866  182.1600  183.63  184.2600  180.9340   767281 2024-01-16 05:00:00      184.501     189.2136     -0.012317
2024-01-17   47317433.0  181.9201  181.2700  182.68  182.9300  180.3000   594632 2024-01-17 05:00:00      184.205     189.3158     -0.005173
2024-01-18   77722754.0  187.9358  186.0900  188.63  189.1400  185.8300   787233 2024-01-18 05:00:00      184.643     189.5554      0.032571
2024-01-19   68887985.0  190.6149  189.3300  191.56  191.9500  188.8200   682663 2024-01-19 05:00:00      185.608     189.8020      0.015533
2024-01-22   60131852.0  193.9891  192.3000  193.89  195.3300  192.2600   718107 2024-01-22 05:00:00      186.879     190.0434      0.012163
2024-01-23   42355590.0  194.8203  195.0200  195.18  195.7500  193.8299   533093 2024-01-23 05:00:00      187.841     190.2892      0.006653
2024-01-24   53631316.0  195.2063  195.4200  194.50  196.3800  194.3400   594714 2024-01-24 05:00:00      188.777     190.5310     -0.003484
2024-01-25   54822126.0  194.7337  195.2200  194.17  196.2675  193.1125   644526 2024-01-25 05:00:00      189.575     190.6864     -0.001697
2024-01-26   44587111.0  193.1207  194.2700  192.42  194.7600  191.9400   534165 2024-01-26 05:00:00      190.258     190.8388     -0.009013
2024-01-29   47145622.0  191.2954  192.0100  191.73  192.2000  189.5800   599513 2024-01-29 05:00:00      190.839     190.9246     -0.003586
2024-01-30   55836970.0  188.7927  190.9400  188.04  191.8000  187.4700   690705 2024-01-30 05:00:00      191.280     190.9252     -0.019246
2024-01-31   55467803.0  185.3525  187.0400  184.40  187.0950  184.3500   679844 2024-01-31 05:00:00      191.452     190.8190     -0.019358
2024-02-01   64885408.0  185.5688  183.9850  186.86  186.9500  183.8200   820977 2024-02-01 05:00:00      191.275     190.7624      0.013341
2024-02-02  102527680.0  184.7440  179.8600  185.85  187.3300  179.2500  1108465 2024-02-02 05:00:00      190.704     190.6504     -0.005405
2024-02-05   69654320.0  187.6824  188.1500  187.68  189.2500  185.8400   804748 2024-02-05 05:00:00      190.083     190.5912      0.009847
2024-02-06   43490759.0  188.4788  186.8600  189.30  189.3100  186.7695   530825 2024-02-06 05:00:00      189.495     190.5510      0.008632
2024-02-07   53438955.0  189.3803  190.6400  189.41  191.0500  188.6100   596088 2024-02-07 05:00:00      188.986     190.5398      0.000581
2024-02-08   40962046.0  188.3032  189.3850  188.32  189.5350  187.3500   521464 2024-02-08 05:00:00      188.401     190.5104     -0.005755
2024-02-09   45155216.0  189.0056  188.6500  188.85  189.9900  188.0000   544714 2024-02-09 05:00:00      188.044     190.4794      0.002814
2024-02-12   41781934.0  187.5914  188.4150  187.15  188.6700  186.7900   585515 2024-02-12 05:00:00      187.586     190.4350     -0.009002
2024-02-13   56529529.0  185.0421  185.7700  185.04  186.2100  183.5128   644015 2024-02-13 05:00:00      187.286     190.3368     -0.011274
2024-02-14   54617917.0  183.6207  185.3200  184.15  185.5300  182.4400   679072 2024-02-14 05:00:00      187.261     190.1950     -0.004810
2024-02-15   65434496.0  182.8487  183.5500  183.86  184.4900  181.3500   756083 2024-02-15 05:00:00      186.961     190.0836     -0.001575
2024-02-16   49752465.0  182.7317  183.4200  182.31  184.8500  181.6650   611770 2024-02-16 05:00:00      186.607     189.8614     -0.008430
2024-02-20   53574453.0  181.1005  181.7900  181.56  182.4300  180.0000   712335 2024-02-20 05:00:00      185.995     189.6462     -0.004114
2024-02-21   41496371.0  181.9941  181.9400  182.32  182.8888  180.6600   522492 2024-02-21 05:00:00      185.297     189.4072      0.004186
2024-02-22   52284192.0  183.8372  183.4800  184.37  184.9550  182.4600   613892 2024-02-22 05:00:00      184.793     189.1804      0.011244
2024-02-23   44926677.0  182.9876  185.0100  182.52  185.0400  182.2300   549250 2024-02-23 05:00:00      184.213     188.9672     -0.010034
2024-02-26   40867421.0  181.3213  182.2400  181.16  182.7600  180.6500   615639 2024-02-26 05:00:00      183.444     188.6962     -0.007451
2024-02-27   54318851.0  181.8192  181.1000  182.63  183.9225  179.5600   669751 2024-02-27 05:00:00      182.992     188.3896      0.008114
2024-02-28   48943139.0  181.1915  182.5100  181.42  183.1200  180.1300   596442 2024-02-28 05:00:00      182.630     188.0558     -0.006625
2024-02-29  136682597.0  180.6781  181.2700  180.75  182.5700  179.5300   813073 2024-02-29 05:00:00      182.290     187.7194     -0.003693
2024-03-01   73450582.0  179.0322  179.5500  179.66  180.5300  177.3800   911077 2024-03-01 05:00:00      181.870     187.3948     -0.006030
2024-03-04   81505451.0  174.8938  176.1500  175.10  176.9000  173.7900  1167166 2024-03-04 05:00:00      181.149     186.9580     -0.025381
2024-03-05   94702355.0  170.3234  170.7600  170.12  172.0400  169.6200  1108820 2024-03-05 05:00:00      180.005     186.4638     -0.028441
2024-03-06   68568907.0  169.5506  171.0600  169.12  171.2400  168.6800   896297 2024-03-06 05:00:00      178.685     185.9526     -0.005878
2024-03-07   71763761.0  169.3619  169.1500  169.00  170.7300  168.4900   825405 2024-03-07 05:00:00      177.148     185.4606     -0.000710
2024-03-08   76267041.0  171.5322  169.0000  170.73  173.7000  168.9400   925213 2024-03-08 05:00:00      175.969     185.0142      0.010237
2024-03-11   60139473.0  172.9273  172.9400  172.75  174.3800  172.0500   793618 2024-03-11 04:00:00      175.128     184.6062      0.011832
2024-03-12   59813522.0  172.8726  173.1500  173.23  174.0300  171.0100   735065 2024-03-12 04:00:00      174.188     184.1992      0.002779
2024-03-13   52488692.0  171.3457  172.7700  171.13  173.1850  170.7600   647120 2024-03-13 04:00:00      173.159     183.7712     -0.012123
2024-03-14   72913507.0  173.0899  172.9100  173.00  174.3078  172.0500   806014 2024-03-14 04:00:00      172.384     183.5184      0.010927
2024-03-15  121752699.0  171.8002  171.1700  172.62  172.6200  170.2850   771387 2024-03-15 04:00:00      171.680     183.2858     -0.002197
2024-03-18   75606556.0  175.4587  175.5700  173.72  177.7100  173.5200   866430 2024-03-18 04:00:00      171.542     183.1220      0.006372
2024-03-19   55215244.0  175.4779  174.3400  176.08  176.6050  173.0300   636058 2024-03-19 04:00:00      172.138     183.0200      0.013585
2024-03-20   53423102.0  177.2239  175.7200  178.67  178.6700  175.0900   641653 2024-03-20 04:00:00      173.093     182.8822      0.014709
2024-03-21  106181270.0  172.7231  177.0500  171.37  177.4900  170.8400  1224985 2024-03-21 04:00:00      173.330     182.6068     -0.040857
2024-03-22   71146138.0  172.0464  171.7600  172.28  173.0500  170.0600   736378 2024-03-22 04:00:00      173.485     182.3286      0.005310
2024-03-25   54288328.0  170.7132  170.5650  170.85  171.9400  169.4500   727686 2024-03-25 04:00:00      173.295     182.0338     -0.008300
2024-03-26   57388449.0  170.3230  170.0000  169.71  171.4200  169.5800   684303 2024-03-26 04:00:00      172.943     181.7096     -0.006673
2024-03-27   60263665.0  172.5879  170.4100  173.31  173.6000  170.1100   670629 2024-03-27 04:00:00      173.161     181.5032      0.021213
2024-03-28   65671690.0  171.3942  171.7500  171.48  172.2300  170.5100   648026 2024-03-28 04:00:00      173.009     181.2792     -0.010559
2024-04-01   46240500.0  170.0696  171.1900  170.03  171.2500  169.4750   676830 2024-04-01 04:00:00      172.750     180.9072     -0.008456
2024-04-02   49297581.0  168.8967  169.0800  168.84  169.3400  168.2302   608914 2024-04-02 04:00:00      172.262     180.4528     -0.006999
2024-04-03   47691715.0  169.8623  168.7900  169.65  170.6800  168.5800   571286 2024-04-03 04:00:00      171.619     179.9680      0.004797
2024-04-04   53682486.0  170.1029  170.2900  168.82  171.9200  168.8200   630783 2024-04-04 04:00:00      170.634     179.4408     -0.004892
2024-04-05   42104826.0  169.6415  169.5900  169.58  170.3900  168.9500   540854 2024-04-05 04:00:00      170.455     178.9424      0.004502
2024-04-08   37425513.0  168.6637  169.0300  168.45  169.2000  168.2400   549987 2024-04-08 04:00:00      170.072     178.4280     -0.006664
2024-04-09   42451209.0  169.1566  168.7000  169.67  170.0800  168.3500   541699 2024-04-09 04:00:00      169.954     177.9730      0.007243
2024-04-10   49691936.0  167.9914  168.8000  167.78  169.0900  167.1100   647587 2024-04-10 04:00:00      169.761     177.4940     -0.011139
2024-04-11   91053075.0  172.6956  168.3400  175.04  175.4600  168.1600   828408 2024-04-11 04:00:00      169.934     177.2340      0.043271
2024-04-12  101282386.0  176.3413  174.2600  176.55  178.3600  174.2100   960229 2024-04-12 04:00:00      170.441     177.0770      0.008627
2024-04-15   70733115.0  174.1900  175.3600  172.69  176.6300  172.5000   846703 2024-04-15 04:00:00      170.707     176.7936     -0.021863
2024-04-16   71583932.0  170.0693  171.7500  169.38  173.7600  168.2700   834229 2024-04-16 04:00:00      170.761     176.4642     -0.019167
2024-04-17   48503680.0  169.0180  169.6100  168.00  170.6500  168.0000   598926 2024-04-17 04:00:00      170.596     176.0706     -0.008147
2024-04-18   40735511.0  167.4157  168.0300  167.04  168.6400  166.5500   553162 2024-04-18 04:00:00      170.418     175.6254     -0.005714
2024-04-19   66084170.0  165.1519  166.2100  165.00  166.4000  164.0750   754706 2024-04-19 04:00:00      169.960     175.1372     -0.012213
2024-04-22   46488244.0  165.9694  165.5150  165.84  167.2600  164.7700   610286 2024-04-22 04:00:00      169.699     174.6876      0.005091
2024-04-23   46956672.0  166.5052  165.3500  166.90  167.0500  164.9200   554862 2024-04-23 04:00:00      169.422     174.2486      0.006392
2024-04-24   47007455.0  168.4251  166.5400  169.02  169.3000  166.2100   584920 2024-04-24 04:00:00      169.546     173.8860      0.012702
2024-04-25   48858902.0  169.4307  169.5250  169.89  170.6100  168.1511   608795 2024-04-25 04:00:00      169.031     173.5830      0.005147
2024-04-26   44014087.0  170.0062  169.8800  169.30  171.3400  169.1800   563857 2024-04-26 04:00:00      168.306     173.2860     -0.003473
2024-04-29   66891905.0  174.3826  173.3700  173.50  176.0300  173.1000   808166 2024-04-29 04:00:00      168.387     173.0788      0.024808
2024-04-30   64066593.0  172.1915  173.3300  170.33  174.9900  170.0000   647398 2024-04-30 04:00:00      168.482     172.8392     -0.018271
2024-05-01   48416441.0  170.7483  169.5800  169.30  172.7050  169.1100   648581 2024-05-01 04:00:00      168.612     172.5940     -0.006047
2024-05-02   91402452.0  174.5700  172.5100  173.03  173.4150  170.8900   944012 2024-05-02 04:00:00      169.211     172.4082      0.022032
2024-05-03  160948084.0  184.3811  186.6450  183.38  187.0000  182.6600  1468448 2024-05-03 04:00:00      171.049     172.3884      0.059816
2024-05-06   75883763.0  181.8762  182.3540  181.71  184.2000  180.4200   898724 2024-05-06 04:00:00      172.636     172.3722     -0.009107
2024-05-07   74139796.0  182.7881  183.4500  182.40  184.9000  181.3200   747423 2024-05-07 04:00:00      174.186     172.3970      0.003797
2024-05-08   43762264.0  182.4746  182.8500  182.74  183.0700  181.4500   518558 2024-05-08 04:00:00      175.558     172.3992      0.001864
2024-05-09   47493785.0  183.9877  182.5600  184.57  184.6600  182.1100   550949 2024-05-09 04:00:00      177.026     172.4622      0.010014
2024-05-10   48525869.0  183.0992  184.9000  183.05  185.0900  182.1300   558732 2024-05-10 04:00:00      178.401     172.5082     -0.008235
2024-05-13   68586935.0  186.2008  185.4350  186.28  187.1000  184.6200   726471 2024-05-13 04:00:00      179.679     172.6406      0.017645
2024-05-14   50551025.0  187.1838  187.5100  187.43  188.3000  186.2900   559445 2024-05-14 04:00:00      181.389     172.8872      0.006174
2024-05-15   67561123.0  189.6510  187.9100  189.72  190.6500  187.3700   727552 2024-05-15 04:00:00      183.431     173.2792      0.012218
2024-05-16   51938566.0  190.1107  190.4700  189.84  191.0950  189.6601   566892 2024-05-16 04:00:00      185.112     173.6936      0.000633
2024-05-17   39819440.0  189.9250  189.5100  189.87  190.8100  189.1800   478115 2024-05-17 04:00:00      185.761     174.1110      0.000158
2024-05-20   43637717.0  191.0833  189.3250  191.04  191.9199  189.0100   566877 2024-05-20 04:00:00      186.694     174.5172      0.006162
2024-05-21   41192656.0  192.2516  191.0900  192.35  192.7300  190.9201   502712 2024-05-21 04:00:00      187.689     174.9092      0.006857
2024-05-22   33510741.0  191.4481  192.2650  190.90  192.8231  190.2700   452301 2024-05-22 04:00:00      188.505     175.2626     -0.007538
2024-05-23   48553611.0  188.2595  190.9800  186.88  191.0000  186.6250   573924 2024-05-23 04:00:00      188.736     175.5776     -0.021058
2024-05-24   35429737.0  189.7127  188.8200  189.98  190.5800  188.0404   492815 2024-05-24 04:00:00      189.429     175.9172      0.016588
2024-05-28   51021752.0  190.8353  191.5100  189.99  193.0000  189.1000   702124 2024-05-28 04:00:00      189.800     176.2646      0.000053
2024-05-29   51934816.0  191.1313  189.6100  190.29  192.2470  189.5100   603438 2024-05-29 04:00:00      190.086     176.5960      0.001579
2024-05-30   48211467.0  191.4073  190.7600  191.29  192.1800  190.6300   568919 2024-05-30 04:00:00      190.243     176.9002      0.005255
2024-05-31   71937580.0  191.5904  191.4400  192.25  192.5700  189.9100   618138 2024-05-31 04:00:00      190.484     177.1718      0.005019
2024-06-03   48702790.0  193.7882  192.9000  194.03  194.9900  192.5200   700898 2024-06-03 04:00:00      190.900     177.6250      0.009259
2024-06-04   46573003.0  194.3005  194.6350  194.35  195.3200  193.0342   575237 2024-06-04 04:00:00      191.231     178.0664      0.001649
2024-06-05   53100041.0  195.8699  195.4000  195.87  196.9000  194.8700   648218 2024-06-05 04:00:00      191.583     178.5668      0.007821
2024-06-06   39591471.0  195.3477  195.6850  194.48  196.5000  194.1700   550051 2024-06-06 04:00:00      191.941     179.0622     -0.007097
2024-06-07   52508446.0  195.8927  194.6500  196.89  196.9400  194.1400   505896 2024-06-07 04:00:00      192.942     179.5338      0.012392
2024-06-10   95034362.0  194.4454  196.9000  193.12  197.3000  192.1500  1115208 2024-06-10 04:00:00      193.256     179.9666     -0.019148
2024-06-11  169677009.0  203.1517  193.6500  207.15  207.1600  193.6300  1601717 2024-06-11 04:00:00      194.972     180.7090      0.072649
2024-06-12  197067068.0  215.2738  207.3700  213.07  220.2000  206.9000  1860933 2024-06-12 04:00:00      197.250     181.5936      0.028578
2024-06-13   96562134.0  214.0130  214.7400  214.24  216.7500  211.6000  1032908 2024-06-13 04:00:00      199.545     182.4854      0.005491
2024-06-14   69150814.0  212.7632  213.8500  212.49  215.1700  211.3000   793665 2024-06-14 04:00:00      201.569     183.3588     -0.008168
2024-06-17   92964543.0  216.4079  213.3700  216.67  218.9500  212.7200  1034894 2024-06-17 04:00:00      203.833     184.3006      0.019672
2024-06-18   78534656.0  214.7421  217.5900  214.29  218.6300  213.0000   919913 2024-06-18 04:00:00      205.827     185.2174     -0.010984
2024-06-20   83863022.0  210.6470  213.9300  209.68  214.2400  208.8500  1005250 2024-06-20 04:00:00      207.208     186.0176     -0.021513
2024-06-21  204018186.0  208.6028  210.3900  207.49  211.8900  207.1100   881776 2024-06-21 04:00:00      208.509     186.8118     -0.010444
2024-06-24   76303387.0  209.3985  207.7200  208.14  212.7000  206.5900   916066 2024-06-24 04:00:00      209.634     187.4738      0.003133
2024-06-25   54266550.0  209.7069  209.1500  209.07  211.3800  208.6100   621125 2024-06-25 04:00:00      211.229     188.1242      0.004468
2024-06-26   64531178.0  213.1428  211.5000  213.25  214.8600  210.6400   769036 2024-06-26 04:00:00      211.839     188.9354      0.019993
2024-06-27   48631748.0  213.9094  214.6900  214.10  215.7395  212.3500   644311 2024-06-27 04:00:00      211.942     189.8298      0.003986
2024-06-28   80927625.0  212.5954  215.7700  210.62  216.0700  210.3000   729816 2024-06-28 04:00:00      211.580     190.6822     -0.016254
2024-07-01   59475152.0  215.4872  212.0900  216.75  217.5100  211.9200   784772 2024-07-01 04:00:00      212.006     191.6764      0.029105
2024-07-02   57112299.0  219.1830  216.1500  220.27  220.3800  215.1000   689939 2024-07-02 04:00:00      212.366     192.7818      0.016240
2024-07-03   36707517.0  220.6457  220.0000  221.55  221.5500  219.0300   566735 2024-07-03 04:00:00      213.092     193.8960      0.005811
2024-07-05   58287571.0  224.9430  221.6500  226.34  226.4500  221.6500   767327 2024-07-05 04:00:00      214.758     195.0848      0.021620
2024-07-08   57456163.0  226.3221  227.0900  227.82  227.8500  223.2500   790011 2024-07-08 04:00:00      216.791     196.2608      0.006539
2024-07-09   47531745.0  228.2117  227.9300  228.68  229.4000  226.3721   651012 2024-07-09 04:00:00      218.845     197.4366      0.003775
2024-07-10   61539280.0  231.6381  229.3000  232.98  233.0800  229.2500   782437 2024-07-10 04:00:00      221.236     198.7102      0.018804
2024-07-11   63197762.0  228.4762  231.3900  227.57  232.3900  225.7700   889216 2024-07-11 04:00:00      222.668     199.7916     -0.023221
2024-07-12   51621443.0  230.9692  228.9200  230.54  232.6400  228.6800   706216 2024-07-12 04:00:00      224.312     200.9958      0.013051
2024-07-15   60513737.0  234.9202  236.4800  234.40  237.2300  233.0900   822606 2024-07-15 04:00:00      226.690     202.2978      0.016743
2024-07-16   38468546.0  234.2992  235.0000  234.82  236.2700  232.3300   623906 2024-07-16 04:00:00      228.497     203.5336      0.001792
2024-07-17   55878906.0  228.8396  229.4500  228.88  231.4599  226.6400   811024 2024-07-17 04:00:00      229.358     204.4436     -0.025296
2024-07-18   64346030.0  225.1810  230.2800  224.18  230.4400  222.2700   844538 2024-07-18 04:00:00      229.621     205.2930     -0.020535
2024-07-19   48020038.0  224.7356  224.8200  224.31  226.8000  223.2750   612739 2024-07-19 04:00:00      229.418     206.1312      0.000580
2024-07-22   44958139.0  225.0185  227.0100  223.96  227.7800  223.0900   704830 2024-07-22 04:00:00      229.032     206.9556     -0.001560
2024-07-23   37919040.0  225.0222  224.3650  225.01  226.9400  222.6800   551646 2024-07-23 04:00:00      228.665     207.7644      0.004688
2024-07-24   59687424.0  219.0874  224.0000  218.54  224.8000  217.1300   816074 2024-07-24 04:00:00      227.221     208.4742     -0.028754
2024-07-25   50451768.0  218.1200  218.9300  217.49  220.8500  214.6200   737563 2024-07-25 04:00:00      226.213     209.0984     -0.004805
2024-07-26   39827645.0  217.8992  218.7000  217.96  219.4900  216.0100   608504 2024-07-26 04:00:00      224.955     209.7090      0.002161
2024-07-29   35153729.0  218.1319  216.9600  218.24  219.3000  215.7500   604680 2024-07-29 04:00:00      223.339     210.2794      0.001285
2024-07-30   40681625.0  218.4059  219.1900  218.80  220.3250  216.1200   584305 2024-07-30 04:00:00      221.737     210.8586      0.002566
2024-07-31   48422974.0  222.3441  221.4400  222.08  223.8200  220.6300   668833 2024-07-31 04:00:00      221.057     211.5028      0.014991
2024-08-01   61125243.0  219.4773  224.3700  218.36  224.4800  217.0200   876046 2024-08-01 04:00:00      220.475     212.0492     -0.016751
2024-08-02  102635321.0  221.9519  219.1500  219.86  225.6000  217.7100  1132479 2024-08-02 04:00:00      220.030     212.5994      0.006869
2024-08-05  119382508.0  207.8010  199.0900  209.27  213.5000  196.0000  1661493 2024-08-05 04:00:00      218.561     212.9668     -0.048167
2024-08-06   69545387.0  206.7390  205.3000  207.23  209.9900  201.0700   921946 2024-08-06 04:00:00      216.783     213.3738     -0.009748
2024-08-07   60109650.0  210.7375  206.9000  209.82  213.6400  206.3900   741607 2024-08-07 04:00:00      215.911     213.7706      0.012498
2024-08-08   45466136.0  212.5961  213.1100  213.31  214.2000  208.8300   628674 2024-08-08 04:00:00      215.493     214.2370      0.016633
2024-08-09   40764531.0  215.1632  212.1000  216.24  216.7800  211.9700   589409 2024-08-09 04:00:00      215.321     214.7560      0.013736
2024-08-12   36533169.0  217.5472  216.0700  217.53  219.5099  215.6000   602475 2024-08-12 04:00:00      215.250     215.2808      0.005966
2024-08-13   42281135.0  220.8583  219.0100  221.27  221.8900  219.0100   553206 2024-08-13 04:00:00      215.497     215.8612      0.017193
2024-08-14   40535664.0  221.5032  220.5700  221.72  223.0300  219.7000   568467 2024-08-14 04:00:00      215.461     216.4150      0.002034
2024-08-15   44961298.0  224.5450  224.6000  224.72  225.3500  222.7600   590509 2024-08-15 04:00:00      216.097     217.0224      0.013531
2024-08-16   42388970.0  225.4078  223.9200  226.05  226.8271  223.6501   562568 2024-08-16 04:00:00      216.716     217.6260      0.005918
2024-08-19   39167926.0  224.8178  225.7200  225.89  225.9900  223.0400   606301 2024-08-19 04:00:00      218.378     218.2542     -0.000708
2024-08-20   29528757.0  226.5304  225.7700  226.51  227.1700  225.4500   498745 2024-08-20 04:00:00      220.306     218.8466      0.002745
2024-08-21   33953349.0  226.4472  226.5200  226.40  227.9800  225.0500   506589 2024-08-21 04:00:00      221.964     219.5122     -0.000486
2024-08-22   38144864.0  225.6144  227.7900  224.53  228.3400  223.9000   586130 2024-08-22 04:00:00      223.086     219.8598     -0.008260
2024-08-23   38051965.0  226.5769  225.6589  226.84  228.2200  224.3300   555099 2024-08-23 04:00:00      224.146     220.1352      0.010288
2024-08-26   27855445.0  225.9536  226.7600  227.18  227.2800  223.8905   565367 2024-08-26 04:00:00      225.111     220.3940      0.001499
2024-08-27   35071175.0  227.7868  225.9950  228.03  228.8500  224.8900   491807 2024-08-27 04:00:00      225.787     220.7048      0.003742
2024-08-28   36936833.0  227.4445  227.9200  226.49  229.8600  225.6800   563091 2024-08-28 04:00:00      226.264     220.9012     -0.006753
2024-08-29   51072782.0  231.0131  230.1000  229.79  232.9200  228.8800   723070 2024-08-29 04:00:00      226.771     221.2112      0.014570
2024-08-30   50340308.0  228.9102  230.1900  229.00  230.4000  227.4800   594026 2024-08-30 04:00:00      227.066     221.5976     -0.003438
2024-09-03   49286866.0  223.8154  228.5500  222.77  229.0000  221.1700   813544 2024-09-03 04:00:00      226.754     221.9032     -0.027205
2024-09-04   42699700.0  219.9426  221.6600  220.85  221.7800  217.4800   679903 2024-09-04 04:00:00      226.188     222.1574     -0.008619
2024-09-05   34772036.0  223.1330  221.6250  222.38  225.4800  221.5200   587991 2024-09-05 04:00:00      225.786     222.4236      0.006928
2024-09-06   45965359.0  221.6809  223.9500  220.82  225.2400  219.7700   663919 2024-09-06 04:00:00      225.415     222.5750     -0.007015
2024-09-09   65865433.0  219.3513  220.8200  220.91  221.2700  216.7100   945401 2024-09-09 04:00:00      224.822     222.7112      0.000408
2024-09-10   51131372.0  219.5763  218.9200  220.11  221.4800  216.7300   684884 2024-09-10 04:00:00      224.115     222.9010     -0.003621
2024-09-11   42551999.0  221.1679  221.4550  222.66  223.0900  217.8900   609436 2024-09-11 04:00:00      223.578     223.0192      0.011585
2024-09-12   36818998.0  222.3887  222.5000  222.77  223.5500  219.8200   556880 2024-09-12 04:00:00      223.206     223.0692      0.000494
2024-09-13   36462779.0  222.9250  223.5800  222.50  224.0400  221.9100   541838 2024-09-13 04:00:00      222.477     223.0882     -0.001212
2024-09-16   58316431.0  215.9298  216.5400  216.32  217.2200  213.9200   870701 2024-09-16 04:00:00      221.209     222.8878     -0.027775
2024-09-17   44001409.0  216.1735  215.7500  216.79  216.9000  214.5000   651393 2024-09-17 04:00:00      220.611     222.6672      0.002173
2024-09-18   59023399.0  220.4441  217.5500  220.69  222.7100  217.5400   832968 2024-09-18 04:00:00      220.595     222.5074      0.017990
2024-09-19   65015591.0  228.3850  224.9900  228.87  229.8200  224.6300   808483 2024-09-19 04:00:00      221.244     222.4252      0.037066
2024-09-20  278588717.0  229.0164  229.9700  228.20  233.0900  227.6200   971653 2024-09-20 04:00:00      221.982     222.4378     -0.002927
2024-09-23   50709047.0  227.0625  227.3400  226.47  229.4500  225.8100   693243 2024-09-23 04:00:00      222.538     222.3564     -0.007581
2024-09-24   41499749.0  227.2442  228.6450  227.37  229.3500  225.7300   519517 2024-09-24 04:00:00      223.264     222.2158      0.003974
2024-09-25   39976689.0  225.8328  224.9300  226.37  227.2900  224.0200   564547 2024-09-25 04:00:00      223.635     222.0468     -0.004398
2024-09-26   34812774.0  227.2682  227.3000  227.52  228.5000  225.4100   433069 2024-09-26 04:00:00      224.110     222.0196      0.005080
2024-09-27   31421839.0  228.1557  228.4600  227.79  229.5200  227.3000   504046 2024-09-27 04:00:00      224.639     222.0918      0.001187
2024-09-30   52877673.0  231.9696  230.0400  233.00  233.0000  229.6500   710005 2024-09-30 04:00:00      226.307     222.2656      0.022872
2024-10-01   59761880.0  225.9623  229.5200  226.21  229.6500  223.7400   832034 2024-10-01 04:00:00      227.249     222.3106     -0.029142
2024-10-02   31929459.0  226.0301  225.8900  226.78  227.3700  223.0200   504646 2024-10-02 04:00:00      227.858     222.3460      0.002520
2024-10-03   32633355.0  224.9801  225.1400  225.67  226.8050  223.3200   516279 2024-10-03 04:00:00      227.538     222.4886     -0.004895
2024-10-04   35647254.0  225.8453  227.9000  226.80  228.0000  224.1300   558114 2024-10-04 04:00:00      227.398     222.6748      0.005007
2024-10-07   37595470.0  223.3102  224.5000  221.69  225.6900  221.3300   607187 2024-10-07 04:00:00      226.920     222.7494     -0.022531
2024-10-08   30387437.0  225.0202  224.3000  225.77  225.9800  223.2500   495458 2024-10-08 04:00:00      226.760     222.9000      0.018404
2024-10-09   31586075.0  228.2639  225.2300  229.54  229.7500  224.8300   519212 2024-10-09 04:00:00      227.077     223.1148      0.016698
2024-10-10   27135650.0  228.5405  227.7800  229.04  229.5000  227.1700   446786 2024-10-10 04:00:00      227.229     223.2540     -0.002178
2024-10-11   30412936.0  228.0383  229.3000  227.55  229.4100  227.3400   485404 2024-10-11 04:00:00      227.205     223.4378     -0.006505
2024-10-14   34386471.0  230.6959  228.7000  231.30  231.7300  228.6000   580463 2024-10-14 04:00:00      227.035     223.6666      0.016480
2024-10-15   60799239.0  234.8500  233.6100  233.85  237.4900  232.3700   827448 2024-10-15 04:00:00      227.799     224.1582      0.011025
2024-10-16   33354125.0  231.0936  231.6000  231.78  232.1200  229.8400   551037 2024-10-16 04:00:00      228.299     224.6492     -0.008852
2024-10-17   29019084.0  232.0685  233.4300  232.15  233.8500  230.5200   487565 2024-10-17 04:00:00      228.947     225.0958      0.001596
2024-10-18   43643976.0  235.2273  236.1800  235.00  236.1800  234.0100   562442 2024-10-18 04:00:00      229.767     225.5296      0.012277
2024-10-21   34128130.0  235.9263  234.4500  236.48  236.8500  234.4500   538639 2024-10-21 04:00:00      231.246     225.9344      0.006298
2024-10-22   35412947.0  234.8426  233.8850  235.86  236.2200  232.6000   489115 2024-10-22 04:00:00      232.255     226.3010     -0.002622
2024-10-23   51447561.0  231.1335  234.0800  230.76  235.1440  227.7600   721999 2024-10-23 04:00:00      232.377     226.4908     -0.021623
2024-10-24   28895111.0  230.0667  229.9800  230.57  230.8200  228.4100   490738 2024-10-24 04:00:00      232.530     226.6678     -0.000823
2024-10-25   36791251.0  231.6772  229.7400  231.41  233.2200  229.5700   551600 2024-10-25 04:00:00      232.916     226.8016      0.003643
2024-10-28   32964281.0  233.5717  233.3200  233.40  234.7300  232.5500   557059 2024-10-28 04:00:00      233.126     226.9486      0.008599
2024-10-29   31895656.0  233.5864  233.1000  233.67  234.3250  232.3200   484029 2024-10-29 04:00:00      233.108     227.1042      0.001157
2024-10-30   44279666.0  230.9294  232.6100  230.10  233.2299  229.5500   593539 2024-10-30 04:00:00      232.940     227.1760     -0.015278
2024-10-31   60034650.0  226.6984  229.3400  225.91  229.8300  225.3700   767796 2024-10-31 04:00:00      232.316     227.1662     -0.018209
2024-11-01   61791843.0  222.8069  220.9650  222.91  225.3500  220.2700   859056 2024-11-01 04:00:00      231.107     227.1338     -0.013280
2024-11-04   40921729.0  221.7547  220.9900  222.01  222.7900  219.7100   647102 2024-11-04 05:00:00      229.660     227.0372     -0.004038
2024-11-05   27254038.0  223.0940  221.7950  223.45  223.9500  221.1400   501988 2024-11-05 05:00:00      228.419     226.9626      0.006486
2024-11-06   51811157.0  223.8587  222.6100  222.72  226.0650  221.1900   796494 2024-11-06 05:00:00      227.615     226.8564     -0.003267
2024-11-07   40121817.0  226.7564  224.6250  227.48  227.8750  224.5700   623113 2024-11-07 05:00:00      227.306     226.8762      0.021372
2024-11-08   36726907.0  227.2234  227.1700  226.96  228.6600  226.4050   541011 2024-11-08 05:00:00      226.861     226.8196     -0.002286
2024-11-11   39502207.0  223.4111  225.0000  224.23  225.7000  221.5000   555026 2024-11-11 05:00:00      225.944     226.7242     -0.012029
2024-11-12   37632672.0  224.3829  224.5500  224.23  225.5900  223.3550   462513 2024-11-12 05:00:00      225.000     226.7534      0.000000
2024-11-13   43061316.0  224.8974  224.0100  225.12  226.6500  222.7600   467151 2024-11-13 05:00:00      224.502     226.8388      0.003969
2024-11-14   41725049.0  227.3879  225.0200  228.22  228.8700  225.0000   491961 2024-11-14 05:00:00      224.733     226.9556      0.013770
2024-11-15   45374616.0  225.0903  226.4000  225.00  226.9200  224.2700   451195 2024-11-15 05:00:00      224.942     227.0392     -0.014109
2024-11-18   41049409.0  228.0885  225.2500  228.02  229.7400  225.1700   437675 2024-11-18 05:00:00      225.543     227.1814      0.013422
2024-11-19   34221103.0  228.6862  226.9800  228.28  230.1600  226.6600   364844 2024-11-19 05:00:00      226.026     227.3448      0.001140
2024-11-20   33560741.0  228.0359  228.0600  229.00  229.9300  225.8900   358379 2024-11-20 05:00:00      226.654     227.4716      0.003154
2024-11-21   38582294.0  228.4642  228.8800  228.52  230.1550  225.7103   431589 2024-11-21 05:00:00      226.758     227.5866     -0.002096
2024-11-22   35459680.0  229.6738  228.0600  229.87  230.7199  228.0600   380543 2024-11-22 05:00:00      227.049     227.7340      0.005908
2024-11-25   79840237.0  232.2878  231.4600  232.87  233.2450  229.7400   510511 2024-11-25 05:00:00      227.913     228.0650      0.013051
2024-11-26   44049660.0  234.7366  233.3300  235.06  235.5700  233.3300   449908 2024-11-26 05:00:00      228.996     228.4304      0.009404
2024-11-27   31604402.0  234.7888  234.4650  234.93  235.6900  233.8101   339772 2024-11-27 05:00:00      229.977     228.7152     -0.000553
2024-11-29   25317735.0  236.5349  234.8050  237.33  237.8100  233.9700   268866 2024-11-29 05:00:00      230.888     228.8844      0.010216
2024-12-02   40549156.0  239.4822  237.2700  239.59  240.7900  237.1600   469551 2024-12-02 05:00:00      232.347     229.1122      0.009523
2024-12-03   36257276.0  241.5718  239.8100  242.65  242.7600  238.9000   419286 2024-12-03 05:00:00      233.810     229.4358      0.012772
2024-12-04   39533068.0  242.9068  242.8700  243.01  244.1100  241.2500   406580 2024-12-04 05:00:00      235.283     229.7486      0.001484
2024-12-05   35946469.0  243.0041  243.9900  243.04  244.5400  242.1300   401171 2024-12-05 05:00:00      236.687     230.0820      0.000123
2024-12-06   34194099.0  243.2142  242.9050  242.84  244.6300  242.0800   366463 2024-12-06 05:00:00      238.119     230.3884     -0.000823
2024-12-09   40927114.0  245.9999  241.8300  246.75  247.2400  241.7500   500703 2024-12-09 05:00:00      239.807     230.7676      0.016101