                  v_AMD        vw     o_AMD    c_AMD     h_AMD     l_AMD        n                 t_a  AMD_SMA_10  AMD_SMA_50  AMD_Returns
t                                                                                                                                         
2023-12-11   98668281.0  133.0840  130.5600  134.410  135.0400  128.2500   679317 2023-12-11 05:00:00    123.3880    111.8477     0.042585
2023-12-12  111677821.0  136.9054  132.2500  137.610  139.8900  131.9000   744652 2023-12-12 05:00:00    124.9480    112.5345     0.023808
2023-12-13   70630403.0  137.5428  137.9700  138.190  139.2400  136.0303   505721 2023-12-13 05:00:00    126.3820    113.2967     0.004215
2023-12-14   76115174.0  138.7576  138.8900  138.000  141.8200  135.7250   560401 2023-12-14 05:00:00    128.0660    113.9753    -0.001375
2023-12-15   70161795.0  139.1327  139.5200  139.150  140.8900  137.2500   457544 2023-12-15 05:00:00    129.8420    114.7001     0.008333
2023-12-18   45199453.0  138.8022  139.1500  138.900  139.7900  137.6500   335816 2023-12-18 05:00:00    131.8750    115.3333    -0.001797
2023-12-19   63688081.0  140.5504  138.5700  140.150  143.4700  138.5550   436792 2023-12-19 05:00:00    134.0520    115.9969     0.008999
2023-12-20   54671715.0  137.6107  139.0000  135.470  139.5800  135.3700   409067 2023-12-20 05:00:00    135.9170    116.5261    -0.033393
2023-12-21   47179362.0  138.9095  138.1400  139.910  139.9800  137.3800   364403 2023-12-21 05:00:00    137.0710    117.1581     0.032775
2023-12-22   35156582.0  139.6862  140.4800  139.600  140.7000  138.3100   281114 2023-12-22 05:00:00    138.1390    117.7743    -0.002216
2023-12-26   47157430.0  142.3867  140.0700  143.410  143.8500  139.9200   312064 2023-12-26 05:00:00    139.0390    118.5407     0.027292
2023-12-27   49033420.0  144.9343  144.7200  146.070  146.2500  143.1800   361911 2023-12-27 05:00:00    139.8850    119.3329     0.018548
2023-12-28   63800680.0  148.8649  146.8000  148.760  150.4100  145.9506   413888 2023-12-28 05:00:00    140.9420    120.2053     0.018416
2023-12-29   62079185.0  148.7663  149.5000  147.410  151.0500  147.2000   430312 2023-12-29 05:00:00    141.8830    121.1101    -0.009075
2024-01-02   64902029.0  139.6752  144.2800  138.580  144.4000  137.4300   558982 2024-01-02 05:00:00    141.8260    121.8337    -0.059901
2024-01-03   61984583.0  135.2871  135.7100  135.320  137.4300  133.7413   491379 2024-01-03 05:00:00    141.4680    122.5039    -0.023524
2024-01-04   58610286.0  136.4357  134.3000  136.010  137.7000  134.0000   421089 2024-01-04 05:00:00    141.0540    123.2239     0.005099
2024-01-05   69657676.0  139.0252  136.7800  138.580  141.0100  136.4377   443633 2024-01-05 05:00:00    141.3650    123.9621     0.018896
2024-01-08   71756913.0  144.8903  140.3600  146.180  147.1500  140.1500   508715 2024-01-08 05:00:00    141.9920    124.9646     0.054842
2024-01-09   67875666.0  148.0984  145.9500  149.260  149.8600  145.0800   489981 2024-01-09 05:00:00    142.9580    126.0764     0.021070
2024-01-10   56951243.0  148.2975  150.0700  148.540  150.8800  146.6500   413271 2024-01-10 05:00:00    143.4710    127.1186    -0.004824
2024-01-11   62764597.0  146.8616  148.5200  148.020  150.3800  143.6900   460051 2024-01-11 05:00:00    143.6660    128.1554    -0.003501
2024-01-12   48282089.0  146.5386  148.0400  146.560  148.7500  145.0000   338847 2024-01-12 05:00:00    143.4460    129.1166    -0.009864
2024-01-16  112711434.0  156.6853  150.3600  158.740  159.7150  149.9800   881877 2024-01-16 05:00:00    144.5790    130.1306     0.083106
2024-01-17  104084985.0  157.9065  158.4500  160.170  160.6400  154.4000   770014 2024-01-17 05:00:00    146.7380    131.1774     0.009008
2024-01-18  131807138.0  163.1494  166.2000  162.670  168.6000  158.2200   951911 2024-01-18 05:00:00    149.4730    132.1858     0.015608
2024-01-19  140280929.0  168.3531  165.8000  174.230  174.2500  162.2000   982891 2024-01-19 05:00:00    153.2950    133.4354     0.071064
2024-01-22  122973822.0  168.2782  174.3900  168.180  174.7200  164.1500  1000196 2024-01-22 05:00:00    156.2550    134.5300    -0.034724
2024-01-23   76830455.0  167.8756  166.5000  168.420  169.6299  164.2700   598013 2024-01-23 05:00:00    158.4790    135.6266     0.001427
2024-01-24  125489387.0  177.4049  172.5500  178.290  180.5800  170.5600   968834 2024-01-24 05:00:00    161.3820    136.9226     0.058603
2024-01-25  127148298.0  181.2341  183.4100  180.330  184.9200  177.6300  1031684 2024-01-25 05:00:00    164.5610    138.1574     0.011442
2024-01-26  107380272.0  177.7887  175.2900  177.250  181.2300  174.1500   830790 2024-01-26 05:00:00    167.4840    139.3666    -0.017080
2024-01-29   89222652.0  176.4501  178.7700  177.830  178.8850  174.4000   728172 2024-01-29 05:00:00    170.6110    140.5256     0.003272
2024-01-30  122118707.0  173.1167  176.1300  172.060  178.4800  169.5200  1063615 2024-01-30 05:00:00    171.9430    141.6068    -0.032447
2024-01-31  133014484.0  167.1217  165.7400  167.690  171.3000  162.5602  1097270 2024-01-31 05:00:00    172.6950    142.5640    -0.025398
2024-02-01   91576685.0  168.7462  169.2700  170.480  171.1400  165.8600   681908 2024-02-01 05:00:00    173.4760    143.5612     0.016638
2024-02-02   82095866.0  176.9151  173.7900  177.660  179.0000  173.0500   754734 2024-02-02 05:00:00    173.8190    144.6838     0.042116
2024-02-05   76349244.0  174.6890  179.0900  174.230  180.0100  171.1100   625350 2024-02-05 05:00:00    174.4240    145.7852    -0.019307
2024-02-06   68854127.0  168.1424  173.1500  167.880  173.8800  165.5000   618796 2024-02-06 05:00:00    174.3700    146.6926    -0.036446
2024-02-07   53665418.0  170.4948  169.4700  170.940  172.9700  168.2000   443334 2024-02-07 05:00:00    173.6350    147.6652     0.018227
2024-02-08   43385275.0  170.1650  170.3300  169.350  172.1700  168.6000   403893 2024-02-08 05:00:00    172.5370    148.5992    -0.009302
2024-02-09   56375713.0  172.2819  171.0000  172.480  175.1000  168.6601   466068 2024-02-09 05:00:00    172.0600    149.6086     0.018482
2024-02-12   58177053.0  174.3909  172.6800  171.910  177.4050  170.6700   548333 2024-02-12 05:00:00    171.4680    150.5698    -0.003305
2024-02-13   63071311.0  170.3399  167.9400  171.540  173.1700  164.3000   601190 2024-02-13 05:00:00    171.4160    151.5774    -0.002152
2024-02-14   57402522.0  176.4646  173.4700  178.700  178.7400  172.8800   556501 2024-02-14 05:00:00    172.5170    152.7236     0.041740
2024-02-15   51126437.0  177.0949  179.1400  176.760  180.5000  175.2600   474227 2024-02-15 05:00:00    173.1450    153.8874    -0.010856
2024-02-16   53233642.0  175.6032  177.4500  173.870  180.3301  173.2500   490113 2024-02-16 05:00:00    172.7660    154.9972    -0.016350
2024-02-20   66549992.0  165.0389  171.1400  165.690  171.8100  162.0000   697006 2024-02-20 05:00:00    171.9120    155.9746    -0.047047
2024-02-21   48774556.0  163.7694  162.7400  164.290  164.9000  161.8100   483937 2024-02-21 05:00:00    171.5530    156.6930    -0.008450
2024-02-22  100684733.0  180.4102  173.2000  181.860  183.8300  172.0000   958680 2024-02-22 05:00:00    172.6450    157.7518     0.106945
2024-02-23   69207367.0  177.5534  181.8600  176.520  183.8000  174.5500   661272 2024-02-23 05:00:00    173.3620    158.5940    -0.029363
2024-02-26   45435093.0  176.7206  178.7800  176.010  179.8400  174.8100   437287 2024-02-26 05:00:00    173.7150    159.3620    -0.002889
2024-02-27   43590841.0  176.7664  175.9200  178.000  178.4600  172.4900   417002 2024-02-27 05:00:00    174.3240    160.1582     0.011306
2024-02-28   35914414.0  175.6345  176.2500  176.540  176.8400  173.5900   354430 2024-02-28 05:00:00    174.8240    160.9290    -0.008202
2024-02-29  105538483.0  188.0590  179.8200  192.530  193.0000  179.8200   938546 2024-02-29 05:00:00    176.2070    161.9966     0.090574
2024-03-01  103820773.0  199.7643  197.9100  202.640  202.7200  195.4200   961935 2024-03-01 05:00:00    178.7950    163.2714     0.052511
2024-03-04   86823838.0  207.6803  205.1600  205.360  211.0100  203.5000   836662 2024-03-04 05:00:00    181.9440    164.5756     0.013423
2024-03-05   65407112.0  202.4287  200.5000  205.130  205.3300  199.1500   664027 2024-03-05 05:00:00    185.8880    165.9688    -0.001120
2024-03-06   86664987.0  210.8288  210.4300  210.630  214.8109  207.3200   776245 2024-03-06 05:00:00    190.5220    167.3832     0.026812
2024-03-07   63859288.0  211.0924  212.5200  211.380  213.8300  208.2200   620516 2024-03-07 05:00:00    193.4740    168.8188     0.003561
2024-03-08  120815222.0  214.2766  213.4100  207.390  227.3000  205.6000  1110430 2024-03-08 05:00:00    196.5610    170.0984    -0.018876
2024-03-11   73076776.0  199.8567  203.0100  198.390  203.5500  196.7010   778012 2024-03-11 04:00:00    198.7990    171.1448    -0.043396
2024-03-12   68951657.0  199.9399  200.5200  202.760  202.8499  194.2700   664420 2024-03-12 04:00:00    201.2750    172.2248     0.022027
2024-03-13   70526879.0  195.2101  198.7300  194.790  198.8300  192.7001   703703 2024-03-13 04:00:00    203.1000    173.1724    -0.039308
2024-03-14   84486846.0  189.7565  192.9200  187.060  196.9300  184.0300   757435 2024-03-14 04:00:00    202.5530    174.1420    -0.039684
2024-03-15   95289509.0  191.1237  184.8300  191.060  193.7999  184.4800   726524 2024-03-15 04:00:00    201.3950    175.2568     0.021384
2024-03-18   59306586.0  191.2440  193.2850  190.650  193.5000  188.0500   537243 2024-03-18 04:00:00    199.9240    176.3496    -0.002146
2024-03-19   83509459.0  180.5153  183.1600  181.420  185.6127  177.3602   799656 2024-03-19 04:00:00    197.5530    177.2064    -0.048413
2024-03-20   81773114.0  178.0858  182.0300  179.730  182.6800  174.0000   756119 2024-03-20 04:00:00    194.4630    177.8774    -0.009315
2024-03-21   75265596.0  180.7294  185.9700  178.680  187.6900  177.6600   640844 2024-03-21 04:00:00    191.1930    178.4658    -0.005842
2024-03-22   57894071.0  178.0423  177.2100  179.650  180.7600  175.0500   529749 2024-03-22 04:00:00    188.4190    179.0880     0.005429
2024-03-25   71935313.0  179.0314  172.9000  178.630  182.8000  172.0000   637330 2024-03-25 04:00:00    186.4430    179.7002    -0.005678
2024-03-26   65322445.0  179.4673  179.5400  177.870  182.5983  176.3300   566860 2024-03-26 04:00:00    183.9540    180.3264    -0.004255
2024-03-27   55685645.0  178.0349  179.9600  179.590  181.2300  175.4000   469617 2024-03-27 04:00:00    182.4340    180.7434     0.009670
2024-03-28   57309514.0  181.1994  179.4700  180.490  183.4000  178.3000   457669 2024-03-28 04:00:00    181.7770    181.1498     0.005011
2024-04-01   74299905.0  183.5875  180.1000  183.340  187.2400  179.9000   582868 2024-04-01 04:00:00    181.0050    181.5632     0.015790
2024-04-02   61592517.0  176.8444  179.4700  178.700  180.1000  174.8300   533493 2024-04-02 04:00:00    179.8100    181.6526    -0.025308
2024-04-03   49835064.0  180.6832  177.5400  180.770  182.0500  176.7000   426058 2024-04-03 04:00:00    179.7450    181.9044     0.011584
2024-04-04   88222257.0  173.6889  182.9200  165.830  183.0200  165.6500   785550 2024-04-04 04:00:00    178.3550    181.8526    -0.082646
2024-04-05   66054391.0  170.3164  168.1000  170.420  172.6900  165.5800   587120 2024-04-05 04:00:00    177.5290    181.6952     0.027679
2024-04-08   43997546.0  169.6283  168.2000  169.900  171.6599  166.8200   423551 2024-04-08 04:00:00    176.5540    181.4866    -0.003051
2024-04-09   42927985.0  169.3961  170.2100  170.780  171.6000  167.2900   399563 2024-04-09 04:00:00    175.7690    181.3572     0.005180
2024-04-10   59588458.0  166.5412  166.7100  167.140  169.7752  164.0000   560172 2024-04-10 04:00:00    174.6960    181.1434    -0.021314
2024-04-11   48989931.0  169.3341  167.5450  170.500  170.9499  166.5492   431700 2024-04-11 04:00:00    173.7870    181.1122     0.020103
2024-04-12   63519643.0  163.4995  164.5300  163.280  165.7000  161.8250   585381 2024-04-12 04:00:00    172.0660    181.0240    -0.042346
2024-04-15   60846810.0  161.5913  164.4300  160.320  164.4400  158.7600   543784 2024-04-15 04:00:00    169.7640    180.8208    -0.018128
2024-04-16   55064476.0  163.3181  162.2800  163.460  164.8799  161.6700   504371 2024-04-16 04:00:00    168.2400    180.5368     0.019586
2024-04-17   75591335.0  157.7128  163.9700  154.020  164.4500  153.8800   646706 2024-04-17 04:00:00    165.5650    180.1326    -0.057751
2024-04-18   52582491.0  155.0038  155.5100  155.080  156.9600  152.3200   513790 2024-04-18 04:00:00    164.4900    179.8766     0.006882
2024-04-19   71144123.0  149.1670  151.5900  146.640  154.2500  145.2900   677589 2024-04-19 04:00:00    162.1120    179.3906    -0.054424
2024-04-22   48790241.0  147.8806  148.1500  148.640  149.8900  145.6300   416732 2024-04-22 04:00:00    159.9860    178.9764     0.013639
2024-04-23   45611142.0  152.4196  151.6500  152.270  153.4950  150.3500   401291 2024-04-23 04:00:00    158.1350    178.5722     0.024421
2024-04-24   42871832.0  152.9270  156.5600  151.740  157.6598  150.6300   407143 2024-04-24 04:00:00    156.5950    178.1688    -0.003481
2024-04-25   41309006.0  152.6458  149.1500  153.760  155.1400  146.7500   395755 2024-04-25 04:00:00    154.9210    177.8132     0.013312
2024-04-26   42354298.0  157.0999  154.2400  157.400  158.6300  153.4252   406755 2024-04-26 04:00:00    154.3330    177.3872     0.023673
2024-04-29   43289247.0  159.3549  159.0800  160.200  160.7700  156.2600   441438 2024-04-29 04:00:00    154.3210    177.0560     0.017789
2024-04-30   60119181.0  159.0243  160.6300  158.380  162.2900  158.3500   588450 2024-04-30 04:00:00    153.8130    176.7462    -0.011361
2024-05-01   89302878.0  145.9253  148.1100  144.270  151.3700  142.1400   928443 2024-05-01 04:00:00    152.8380    176.3178    -0.089090
2024-05-02   49947612.0  144.6633  145.5100  146.160  147.6200  141.1550   498956 2024-05-02 04:00:00    151.9460    175.9552     0.013100
2024-05-03   49273840.0  149.4161  148.7500  150.600  150.7900  147.2384   430891 2024-05-03 04:00:00    152.3420    175.3300     0.030378
2024-05-06   44482655.0  155.0104  153.1000  155.780  156.6500  151.2600   397279 2024-05-06 04:00:00    153.0560    174.9152     0.034396
2024-05-07   37180981.0  155.4449  156.3200  154.430  157.7000  153.6600   345834 2024-05-07 04:00:00    153.2720    174.4836    -0.008666
2024-05-08   28642103.0  153.7292  153.4000  153.620  155.3300  152.5200   264720 2024-05-08 04:00:00    153.4600    173.9960    -0.005245
2024-05-09   32920604.0  152.3358  153.1300  152.390  154.0920  150.6100   291715 2024-05-09 04:00:00    153.3230    173.5130    -0.008007
2024-05-10   37486400.0  152.9616  154.2874  151.920  156.3700  151.3100   352661 2024-05-10 04:00:00    152.7750    172.7008    -0.003084
2024-05-13   27301082.0  152.0085  151.2800  150.560  153.3300  150.4000   289332 2024-05-13 04:00:00    151.8110    171.6592    -0.008952
2024-05-14   31840323.0  151.9803  150.4300  153.160  153.4879  148.7800   316798 2024-05-14 04:00:00    151.2890    170.6152     0.017269
2024-05-15   42839222.0  157.7740  155.5880  159.670  159.6900  154.7000   429458 2024-05-15 04:00:00    152.8290    169.7060     0.042505
2024-05-16   76575574.0  164.5291  160.9200  162.620  168.0600  159.9000   655159 2024-05-16 04:00:00    154.4750    168.7458     0.018476
2024-05-17   65836544.0  165.5913  168.4300  164.470  169.7200  162.3200   562896 2024-05-17 04:00:00    155.8620    167.8076     0.011376
2024-05-20   45435056.0  166.5051  165.5500  166.330  168.4900  164.4700   409042 2024-05-20 04:00:00    156.9170    166.9864     0.011309
2024-05-21   29891920.0  164.5178  164.0000  164.660  165.8300  163.1000   310246 2024-05-21 04:00:00    157.9400    166.3118    -0.010040
2024-05-22   46995664.0  166.6298  167.4100  165.520  169.8148  163.8600   444212 2024-05-22 04:00:00    159.1300    165.5670     0.005223
2024-05-23   91525818.0  163.5827  170.1800  160.430  173.1400  158.2700   818204 2024-05-23 04:00:00    159.9340    164.8798    -0.030752
2024-05-24   53838700.0  165.3201  161.4120  166.360  167.6600  160.2500   477037 2024-05-24 04:00:00    161.3780    164.4658     0.036963
2024-05-28   66341316.0  170.9818  169.4200  171.610  174.5500  164.9600   590709 2024-05-28 04:00:00    163.4830    164.0768     0.031558
2024-05-29   56199884.0  165.4970  167.4600  165.140  168.4800  162.9100   545785 2024-05-29 04:00:00    164.6810    163.5666    -0.037702
2024-05-30   46264998.0  166.4582  167.9000  166.750  168.7469  163.8000   414732 2024-05-30 04:00:00    165.3890    163.2732     0.009749
2024-05-31   62631867.0  164.8284  166.6500  166.900  169.5000  160.0700   513587 2024-05-31 04:00:00    165.8170    163.0166     0.000900
2024-06-03   58833945.0  164.6124  170.8200  163.550  171.0800  160.9101   601170 2024-06-03 04:00:00    165.7250    162.7140    -0.020072
2024-06-04   47883660.0  161.0130  162.8400  159.990  164.8300  158.8729   464142 2024-06-04 04:00:00    165.0910    162.3208    -0.021767
2024-06-05   60385452.0  165.1301  162.0700  166.170  167.1200  161.3800   543543 2024-06-05 04:00:00    165.2420    162.0716     0.038627
2024-06-06   46961046.0  166.9989  165.4600  166.780  169.5100  163.8600   454692 2024-06-06 04:00:00    165.3680    161.8498     0.003671
2024-06-07   44677484.0  167.6656  166.5900  167.870  169.4500  165.8600   390732 2024-06-07 04:00:00    166.1120    161.6154     0.006536
2024-06-10   66924325.0  161.8781  162.4800  160.340  165.5500  159.6100   664714 2024-06-10 04:00:00    165.5100    161.2124    -0.044856
2024-06-11   39816557.0  158.7381  160.5000  158.960  161.5400  156.9200   432720 2024-06-11 04:00:00    164.2450    160.7248    -0.008607
2024-06-12   46917139.0  160.4540  160.3200  160.240  162.2400  158.6200   472001 2024-06-12 04:00:00    163.7550    160.3556     0.008052
2024-06-13   44256501.0  159.4967  160.4000  159.900  162.6600  157.3100   438625 2024-06-13 04:00:00    163.0700    159.9382    -0.002122
2024-06-14   33930918.0  159.3338  158.5000  159.630  161.3399  157.6100   349589 2024-06-14 04:00:00    162.3430    159.8142    -0.001689
2024-06-17   44303200.0  156.7403  158.0000  158.400  159.2300  154.1350   466509 2024-06-17 04:00:00    161.8280    159.5738    -0.007705
2024-06-18   51399466.0  154.9307  156.9900  154.630  157.2400  153.3400   500857 2024-06-18 04:00:00    161.2920    159.2684    -0.023801
2024-06-20   93082389.0  162.4400  155.8250  161.780  166.8200  155.5000   822525 2024-06-20 04:00:00    160.8530    159.0884     0.046239
2024-06-21   59356848.0  161.0199  161.7500  161.230  163.2000  157.8900   437388 2024-06-21 04:00:00    160.2980    158.9702    -0.003400
2024-06-24   45636496.0  160.8918  159.7500  160.250  163.4000  158.1900   424349 2024-06-24 04:00:00    159.5360    158.7652    -0.006078
2024-06-25   40680366.0  158.7146  160.7300  160.250  161.0000  156.4500   387491 2024-06-25 04:00:00    159.5270    158.7046     0.000000
2024-06-26   36661590.0  157.7332  160.6000  157.540  160.7400  156.0000   350548 2024-06-26 04:00:00    159.3850    158.6490    -0.016911
2024-06-27   33636518.0  158.9398  157.1800  159.470  160.6100  156.8100   322780 2024-06-27 04:00:00    159.3080    158.5692     0.012251
2024-06-28   55770046.0  162.9784  160.2300  162.210  166.4500  159.4100   456665 2024-06-28 04:00:00    159.5390    158.7330     0.017182
2024-07-01   50217006.0  156.3607  161.2500  157.690  161.5068  153.6400   531081 2024-07-01 04:00:00    159.3450    158.7852    -0.027865
2024-07-02   56590942.0  160.8932  157.0400  164.310  164.5800  156.7000   496394 2024-07-02 04:00:00    159.9360    159.1386     0.041981
2024-07-03   26892581.0  163.7975  164.2000  163.900  165.2600  162.5100   268205 2024-07-03 04:00:00    160.8630    159.4438    -0.002495
2024-07-05   61340790.0  170.8810  165.9700  171.900  174.0396  165.6800   594749 2024-07-05 04:00:00    161.8750    159.8364     0.048810
2024-07-08   58496723.0  176.0696  174.9000  178.690  178.9500  173.2200   580227 2024-07-08 04:00:00    163.6210    160.3754     0.039500
2024-07-09   43301334.0  176.9831  177.9700  177.100  180.4100  174.7000   450501 2024-07-09 04:00:00    165.3060    160.8422    -0.008898
2024-07-10   90014981.0  183.1175  179.9900  183.960  187.2800  177.8000   760214 2024-07-10 04:00:00    167.6770    161.3734     0.038735
2024-07-11   58594833.0  181.6421  184.0700  181.940  187.1100  177.2500   573645 2024-07-11 04:00:00    170.1170    161.8082    -0.010981
2024-07-12   50480073.0  184.1022  182.0150  181.610  186.9900  179.6900   499542 2024-07-12 04:00:00    172.3310    162.2728    -0.001814
2024-07-15   41994239.0  181.6633  184.4500  179.830  185.5000  178.5400   460537 2024-07-15 04:00:00    174.0930    162.9840    -0.009801
2024-07-16   39622183.0  176.6852  179.6900  177.550  179.7500  174.5300   411644 2024-07-16 04:00:00    176.0790    163.6118    -0.012679
2024-07-17   76671221.0  163.3479  169.8000  159.430  169.8000  159.3700   921305 2024-07-17 04:00:00    175.5910    163.7884    -0.102056
2024-07-18   69373815.0  156.6719  163.4100  155.770  163.4100  153.2000   738406 2024-07-18 04:00:00    174.7780    163.7882    -0.022957
2024-07-19   46334853.0  152.6830  154.8600  151.580  155.8100  150.6200   519066 2024-07-19 04:00:00    172.7460    163.7312    -0.026899
2024-07-22   43708169.0  154.9703  154.2300  155.870  156.7000  152.5450   420897 2024-07-22 04:00:00    170.4640    163.7762     0.028302
2024-07-23   31847172.0  155.1289  154.9500  154.000  157.0500  153.8000   338717 2024-07-23 04:00:00    168.1540    163.8084    -0.011997
2024-07-24   48861867.0  147.8780  152.7200  144.630  153.6800  144.5300   528568 2024-07-24 04:00:00    164.2210    163.6626    -0.060844
2024-07-25   60334082.0  140.7870  144.0700  138.320  144.7500  136.8100   642126 2024-07-25 04:00:00    159.8590    163.4178    -0.043629
2024-07-26   48249564.0  139.9612  140.3200  139.990  141.2900  138.2700   438147 2024-07-26 04:00:00    155.6970    163.1544     0.012073
2024-07-29   47364202.0  141.1378  141.1900  139.750  144.5850  138.7500   410112 2024-07-29 04:00:00    151.6890    162.7560    -0.001714
2024-07-30   68096274.0  139.0116  139.8800  138.440  141.7000  134.0500   646278 2024-07-30 04:00:00    147.7780    162.2724    -0.009374
2024-07-31  113837707.0  146.2911  150.7300  144.480  153.6030  140.0300   953501 2024-07-31 04:00:00    146.2830    161.8726     0.043629
2024-08-01   94030618.0  136.2215  145.0000  132.540  147.2900  130.2400   877163 2024-08-01 04:00:00    143.9600    161.1968    -0.082641
2024-08-02   78139759.0  134.0825  133.5000  132.500  137.1000  131.3300   802655 2024-08-02 04:00:00    142.0520    160.5536    -0.000302
2024-08-05   74527971.0  133.6272  122.1600  134.820  139.1400  121.8250   840684 2024-08-05 04:00:00    139.9470    159.9396     0.017509
2024-08-06   63388288.0  131.9666  135.1500  130.180  136.4400  129.1000   635547 2024-08-06 04:00:00    137.5650    159.3346    -0.034416
2024-08-07   53872363.0  132.5516  133.7500  128.670  136.2400  128.3700   517516 2024-08-07 04:00:00    135.9690    158.5808    -0.011599
2024-08-08   48673494.0  134.0971  131.9700  136.320  136.4800  128.9400   461999 2024-08-08 04:00:00    135.7690    157.8750     0.059454
2024-08-09   40412817.0  134.0612  134.6900  134.270  135.5000  132.4400   404173 2024-08-09 04:00:00    135.1970    157.2576    -0.015038
2024-08-12   39634665.0  136.3328  134.4400  136.770  137.9900  133.2300   347667 2024-08-12 04:00:00    134.8990    156.6580     0.018619
2024-08-13   42090033.0  140.0283  138.1200  141.130  141.1900  137.5200   380821 2024-08-13 04:00:00    135.1680    156.1426     0.031878
2024-08-14   35157712.0  139.9538  143.0000  140.750  143.2500  137.6400   334232 2024-08-14 04:00:00    134.7950    155.6866    -0.002693
2024-08-15   42729162.0  145.9964  143.0000  147.360  147.9600  141.8100   406618 2024-08-15 04:00:00    136.2770    155.4340     0.046963
2024-08-16   30918962.0  148.1986  145.7000  148.560  149.3693  145.2000   295056 2024-08-16 04:00:00    137.8830    155.0818     0.008143
2024-08-19   60620960.0  152.5462  148.4300  155.280  155.3650  147.7200   544177 2024-08-19 04:00:00    139.9290    154.8518     0.045234
2024-08-20   76555959.0  157.6995  156.4900  156.400  162.0400  154.5100   655840 2024-08-20 04:00:00    142.5510    154.6224     0.007213
2024-08-21   42586997.0  157.0961  156.1200  157.810  158.6500  155.0700   366522 2024-08-21 04:00:00    145.4650    154.5718     0.009015
2024-08-22   45556328.0  154.3203  158.8700  151.700  159.8400  151.0100   433743 2024-08-22 04:00:00    147.0030    154.4266    -0.038717
2024-08-23   43526457.0  154.1561  153.6000  154.980  156.4000  151.8300   388317 2024-08-23 04:00:00    149.0740    154.3214     0.021622
2024-08-26   49769592.0  151.5771  154.7000  149.990  158.2800  148.9101   445054 2024-08-26 04:00:00    150.3960    154.1232    -0.032198
2024-08-27   34934721.0  150.1547  150.1300  150.500  151.7000  148.4400   334918 2024-08-27 04:00:00    151.3330    153.9406     0.003400
2024-08-28   33393202.0  146.8307  149.4000  146.360  150.4300  144.7200   361063 2024-08-28 04:00:00    151.8940    153.6998    -0.027508
2024-08-29   31493740.0  147.1499  146.5900  145.490  149.4900  144.4700   343316 2024-08-29 04:00:00    151.7070    153.5170    -0.005944
2024-08-30   30425592.0  147.3476  147.5200  148.560  148.9900  145.2500   286621 2024-08-30 04:00:00    151.7070    153.2526     0.021101
2024-09-03   41591488.0  139.7100  146.4100  136.940  146.4900  136.1000   480862 2024-09-03 04:00:00    149.8730    152.7668    -0.078218
2024-09-04   41218699.0  141.0626  140.5050  140.870  143.3700  138.5100   431653 2024-09-04 04:00:00    148.3200    152.3792     0.028699
2024-09-05   24624373.0  139.7133  138.2000  139.440  141.7100  137.8300   285250 2024-09-05 04:00:00    146.4830    151.9630    -0.010151
2024-09-06   38401071.0  134.4211  138.7000  134.350  139.1300  132.1101   448455 2024-09-06 04:00:00    144.7480    151.4992    -0.036503
2024-09-09   26607238.0  137.0681  136.1000  138.150  138.4450  134.8600   302261 2024-09-09 04:00:00    143.0650    151.0728     0.028284
2024-09-10   36594005.0  140.4537  139.0600  142.840  143.0800  137.2500   327982 2024-09-10 04:00:00    142.3500    150.6854     0.033949
2024-09-11   50131396.0  145.5923  145.3250  149.860  150.1600  140.7100   469059 2024-09-11 04:00:00    142.2860    150.5288     0.049146
2024-09-12   29179842.0  149.9847  148.4300  150.770  151.5400  147.6500   320558 2024-09-12 04:00:00    142.7270    150.2580     0.006072
2024-09-13   25009480.0  152.0684  152.3200  152.310  153.0300  150.7000   270879 2024-09-13 04:00:00    143.4090    150.0262     0.010214
2024-09-16   27463065.0  152.2840  151.7000  152.080  154.4400  150.9120   282874 2024-09-16 04:00:00    143.7610    149.6298    -0.001510
2024-09-17   29485112.0  151.6771  153.5500  150.820  154.0450  149.2250   306127 2024-09-17 04:00:00    145.1490    149.0724    -0.008285
2024-09-18   26231584.0  149.9821  150.9000  148.290  152.8200  148.0100   306447 2024-09-18 04:00:00    145.8910    148.4962    -0.016775
2024-09-19   44083035.0  156.6605  153.8100  156.740  159.2500  152.7700   449591 2024-09-19 04:00:00    147.6210    147.9518     0.056983
2024-09-20   38869611.0  154.9406  156.0000  155.950  157.4500  152.4700   351337 2024-09-20 04:00:00    149.7810    147.4320    -0.005040
2024-09-23   21157347.0  156.2053  156.4450  156.750  157.1900  154.9700   232779 2024-09-23 04:00:00    151.6410    146.9348     0.005130
2024-09-24   27121349.0  157.6188  157.4600  158.320  159.6400  154.5800   295317 2024-09-24 04:00:00    153.1890    146.5046     0.010016
2024-09-25   35012329.0  161.3576  158.5000  162.020  162.9500  158.1800   369223 2024-09-25 04:00:00    154.4050    146.1940     0.023370
2024-09-26   37645066.0  166.7465  167.0550  167.490  168.6800  164.0500   434759 2024-09-26 04:00:00    156.0770    146.3552     0.033761
2024-09-27   27502874.0  165.6388  167.4800  164.350  168.7286  163.7400   297675 2024-09-27 04:00:00    157.2810    146.5268    -0.018747
2024-09-30   21243730.0  163.6571  163.1000  164.080  165.0800  162.1800   252029 2024-09-30 04:00:00    158.4810    146.7768    -0.001643
2024-10-01   31234446.0  160.4862  164.4800  159.750  165.4000  158.0800   347425 2024-10-01 04:00:00    159.3740    146.8544    -0.026390
2024-10-02   24457915.0  160.8248  159.3100  159.780  163.1000  158.6689   278179 2024-10-02 04:00:00    160.5230    146.9700     0.000188
2024-10-03   29386646.0  163.5973  159.7100  162.850  166.7894  159.4000   324850 2024-10-03 04:00:00    161.1340    147.3344     0.019214
2024-10-04   44209614.0  168.5024  166.5330  170.900  171.2100  164.4200   471568 2024-10-04 04:00:00    162.6290    147.9860     0.049432
2024-10-07   38157530.0  170.4041  171.0800  170.970  172.4100  168.2100   415086 2024-10-07 04:00:00    164.0510    148.6056     0.000410
2024-10-08   34117850.0  172.0265  171.7500  172.800  173.6000  170.0000   362358 2024-10-08 04:00:00    165.4990    149.2666     0.010704
2024-10-09   33656214.0  170.9845  174.0500  171.020  174.0500  169.5500   366624 2024-10-09 04:00:00    166.3990    149.9182    -0.010301
2024-10-10   74593401.0  166.0106  169.7600  164.180  172.0100  162.0000   676567 2024-10-10 04:00:00    166.0680    150.3122    -0.039995
2024-10-11   41218946.0  166.5739  164.1850  167.890  169.3500  163.0101   430618 2024-10-11 04:00:00    166.4220    151.0192     0.022597
2024-10-14   31618386.0  166.6260  167.7700  165.270  168.9000  165.1500   336727 2024-10-14 04:00:00    166.5410    151.6746    -0.015605
2024-10-15   50558803.0  158.1902  163.2100  156.640  164.1300  155.7400   607795 2024-10-15 04:00:00    166.2300    152.1110    -0.052218
2024-10-16   30482034.0  156.5505  158.0750  156.130  158.2800  154.9159   324466 2024-10-16 04:00:00    165.8650    152.6300    -0.003256
2024-10-17   29227901.0  157.8516  160.0000  156.250  160.4400  156.2000   319428 2024-10-17 04:00:00    165.2050    153.1816     0.000769
2024-10-18   22840598.0  156.4069  157.4100  155.970  158.0100  155.5600   247055 2024-10-18 04:00:00    163.7120    153.5746    -0.001792
2024-10-21   25343541.0  156.3620  155.7600  157.900  158.0000  154.1500   274851 2024-10-21 04:00:00    162.4050    154.0472     0.012374
2024-10-22   34017966.0  153.7368  156.6000  154.090  156.7400  151.9100   377200 2024-10-22 04:00:00    160.5340    154.3936    -0.024129
2024-10-23   25681976.0  152.2536  153.0000  152.910  153.4450  150.5200   298339 2024-10-23 04:00:00    158.7230    154.6292    -0.007658
2024-10-24   22569815.0  153.6868  154.7400  153.440  155.1900  152.3500   265797 2024-10-24 04:00:00    157.6490    154.8830     0.003466
2024-10-25   28827595.0  157.1409  155.4000  156.230  158.9100  155.0500   318302 2024-10-25 04:00:00    156.4830    155.0604     0.018183
2024-10-28   30074121.0  159.0871  158.5000  159.920  160.2800  157.0450   352070 2024-10-28 04:00:00    155.9480    155.2876     0.023619
2024-10-29   70213255.0  162.6692  161.1000  166.250  167.5099  158.9400   697687 2024-10-29 04:00:00    156.9090    155.5070     0.039582
2024-10-30   83096142.0  150.2540  153.0100  148.600  153.1200  148.1000   968058 2024-10-30 04:00:00    156.1560    155.3510    -0.106165
2024-10-31   44087044.0  144.7919  147.8000  144.070  148.6800  143.3300   550011 2024-10-31 04:00:00    154.9380    155.0762    -0.030485
2024-11-01   36503062.0  142.4737  144.4400  141.860  144.5400  141.3200   430104 2024-11-01 04:00:00    153.5270    154.8794    -0.015340
2024-11-04   28368024.0  141.5744  141.7000  140.710  143.6400  139.7200   330534 2024-11-04 05:00:00    151.8080    154.5940    -0.008107
2024-11-05   26598652.0  141.7587  141.9400  141.660  143.0800  140.8000   282511 2024-11-05 05:00:00    150.5650    154.4274     0.006751
2024-11-06   32029343.0  143.9917  144.9500  145.100  145.6250  141.5200   376389 2024-11-06 05:00:00    149.7840    154.3194     0.024283
2024-11-07   29654280.0  148.7475  146.6800  149.820  150.1200  145.6600   372276 2024-11-07 05:00:00    149.4220    154.3886     0.032529
2024-11-08   27153078.0  148.7881  149.3900  147.950  150.7100  147.5250   319220 2024-11-08 05:00:00    148.5940    154.4378    -0.012482
2024-11-11   28300249.0  146.5284  147.3800  147.350  148.5700  144.9100   344273 2024-11-11 05:00:00    147.3370    154.4136    -0.004055
2024-11-12   33780608.0  144.0121  147.0000  143.630  147.4500  141.5501   371601 2024-11-12 05:00:00    145.0750    154.5474    -0.025246
2024-11-13   33825794.0  141.0879  142.8600  139.300  144.4900  139.0700   402362 2024-11-13 05:00:00    144.1450    154.5160    -0.030147
2024-11-14   31282014.0  139.6075  140.3400  138.840  141.4000  138.5600   328178 2024-11-14 05:00:00    143.6220    154.5040    -0.003302
2024-11-15   43297365.0  135.3312  136.5750  134.900  137.3500  133.6500   471687 2024-11-15 05:00:00    142.9260    154.5150    -0.028378
2024-11-18   37811486.0  139.3716  138.1850  138.930  140.9000  137.2100   371686 2024-11-18 05:00:00    142.7480    154.5306     0.029874
2024-11-19   22972048.0  138.6447  137.4100  139.390  139.7500  137.1400   253831 2024-11-19 05:00:00    142.5210    154.4616     0.003311
2024-11-20   27756027.0  137.1259  138.9600  137.600  140.7700  135.4800   317152 2024-11-20 05:00:00    141.7710    154.2164    -0.012842
2024-11-21   28066061.0  137.2353  138.8700  137.490  140.2799  134.9300   344741 2024-11-21 05:00:00    140.5380    153.9508    -0.000799
2024-11-22   20597249.0  138.1303  137.3500  138.350  139.1300  137.0400   248846 2024-11-22 05:00:00    139.5780    153.6716     0.006255
2024-11-25   30401645.0  140.8663  140.4900  141.130  142.3500  139.0500   350901 2024-11-25 05:00:00    138.9560    153.4526     0.020094
2024-11-26   31793812.0  138.1257  142.5500  137.720  142.8000  136.6200   366789 2024-11-26 05:00:00    138.3650    153.1906    -0.024162
2024-11-27   29901947.0  135.0301  137.2000  136.240  137.9400  132.9600   363700 2024-11-27 05:00:00    138.0590    152.9496    -0.010746
2024-11-29   15781172.0  137.5177  136.2400  137.175  138.5876  135.7800   189450 2024-11-29 05:00:00    137.8925    152.5583     0.006863
2024-12-02   32694245.0  141.2500  137.9150  142.060  142.8200  137.8000   369456 2024-12-02 05:00:00    138.6085    152.2805     0.035611
2024-12-03   21986553.0  142.0625  142.5800  141.980  143.4495  141.0801   282810 2024-12-03 05:00:00    138.9135    151.9851    -0.000563
2024-12-04   25289736.0  142.7998  142.9600  143.990  144.1200  141.1800   291042 2024-12-04 05:00:00    139.3735    151.6985     0.014157
2024-12-05   27614807.0  141.9272  143.6800  141.360  143.9500  140.3800   317513 2024-12-05 05:00:00    139.7495    151.2853    -0.018265
2024-12-06   32476073.0  139.9791  141.4800  138.590  142.7852  137.4000   375272 2024-12-06 05:00:00    139.8595    150.7073    -0.019595
2024-12-09   54928782.0  132.3124  135.7100  130.870  135.7700  130.0000   712769 2024-12-09 05:00:00    139.1115    150.0377    -0.055704