                  v_BA        vw     o_BA    c_BA      h_BA      l_BA       n                 t_a  BA_SMA_10  BA_SMA_50  BA_Returns
t                                                                                                                                  
2023-12-11   7545047.0  246.3187  243.500  248.08  248.0800  243.3100   95657 2023-12-11 05:00:00    234.833   202.0212    0.013813
2023-12-12   5689220.0  249.0632  247.950  248.63  250.5686  247.4000   87064 2023-12-12 05:00:00    237.459   203.2372    0.002217
2023-12-13   5513393.0  250.1523  249.100  250.91  251.8700  247.5316   90251 2023-12-13 05:00:00    240.107   204.4770    0.009170
2023-12-14   7883554.0  253.5861  250.910  256.24  257.1200  249.2600  122699 2023-12-14 05:00:00    242.568   205.8672    0.021243
2023-12-15  14995889.0  262.6558  255.700  264.27  265.5200  255.7000  167175 2023-12-15 05:00:00    245.608   207.4268    0.031338
2023-12-18   6115917.0  261.4821  260.630  260.41  263.1300  260.2500  113867 2023-12-18 05:00:00    248.162   208.8874   -0.014606
2023-12-19   6089492.0  263.3905  261.040  263.51  265.3400  260.8001  102094 2023-12-19 05:00:00    251.097   210.3878    0.011904
2023-12-20   5151674.0  262.7844  262.250  260.25  266.1298  260.1500   84831 2023-12-20 05:00:00    253.433   211.7222   -0.012371
2023-12-21   6487150.0  262.3724  265.950  262.02  267.5400  260.1900   99460 2023-12-21 05:00:00    255.902   213.0412    0.006801
2023-12-22   4433959.0  260.6474  261.830  260.44  262.8424  259.2000   69058 2023-12-22 05:00:00    257.476   214.4240   -0.006030
2023-12-26   3938565.0  262.4486  259.800  262.79  263.7599  259.5400   57479 2023-12-26 05:00:00    258.947   215.9816    0.009023
2023-12-27   3484867.0  262.3236  262.630  262.10  264.6600  260.9000   57912 2023-12-27 05:00:00    260.294   217.5250   -0.002626
2023-12-28   5087223.0  259.6878  261.530  260.35  262.1000  257.6800   79797 2023-12-28 05:00:00    261.238   219.0200   -0.006677
2023-12-29   3686554.0  260.8982  260.670  260.66  262.2200  259.5613   58754 2023-12-29 05:00:00    261.680   220.5194    0.001191
2024-01-02   5815219.0  253.5573  257.280  251.76  258.5900  250.8700  105365 2024-01-02 05:00:00    260.429   221.8988   -0.034144
2024-01-03   7219930.0  245.9890  248.320  243.91  250.1300  243.0000  107188 2024-01-03 05:00:00    258.779   223.1762   -0.031180
2024-01-04   5170739.0  246.1371  244.580  244.94  248.2800  244.1800   72768 2024-01-04 05:00:00    256.922   224.4544    0.004223
2024-01-05   3849746.0  248.2812  245.040  249.00  250.1900  245.0400   63969 2024-01-05 05:00:00    255.797   225.7872    0.016575
2024-01-08  40730433.0  229.9861  228.000  229.00  233.8500  225.7900  508678 2024-01-08 05:00:00    252.495   226.8126   -0.080321
2024-01-09  20687539.0  226.1244  225.660  225.76  228.7899  223.2000  264877 2024-01-09 05:00:00    249.027   227.7460   -0.014148
2024-01-10  12883738.0  228.8344  226.900  227.84  231.6099  226.6400  173746 2024-01-10 05:00:00    245.532   228.7090    0.009213
2024-01-11  11830489.0  224.3753  228.070  222.66  228.2800  222.6200  170847 2024-01-11 05:00:00    241.588   229.5152   -0.022735
2024-01-12  11285521.0  218.5560  219.970  217.70  222.0700  217.0400  171635 2024-01-12 05:00:00    237.323   230.1328   -0.022276
2024-01-16  34972141.0  202.7683  210.070  200.52  210.9800  199.5000  436565 2024-01-16 05:00:00    231.309   230.3556   -0.078916
2024-01-17  20136513.0  203.3660  202.630  203.06  206.3000  201.6500  255977 2024-01-17 05:00:00    226.439   230.5766    0.012667
2024-01-18  20045457.0  209.5531  205.640  211.61  213.0400  203.3150  242870 2024-01-18 05:00:00    223.209   230.9078    0.042106
2024-01-19  14345444.0  212.5576  210.890  215.02  215.1600  209.2300  161418 2024-01-19 05:00:00    220.217   231.3492    0.016115
2024-01-22  10760764.0  214.1591  213.070  214.93  217.0000  212.3600  129183 2024-01-22 05:00:00    216.810   231.8196   -0.000419
2024-01-23   9050418.0  213.1837  215.350  211.50  216.8500  211.1300  128510 2024-01-23 05:00:00    215.060   232.2130   -0.015959
2024-01-24  15119120.0  213.3378  209.830  214.13  217.5900  209.3550  200185 2024-01-24 05:00:00    213.897   232.6290    0.012435
2024-01-25  22108472.0  201.8243  208.200  201.88  208.7300  198.3200  303590 2024-01-25 05:00:00    211.301   232.7336   -0.057208
2024-01-26   9911195.0  205.0202  203.080  205.47  206.7500  203.0000  131210 2024-01-26 05:00:00    209.582   232.7522    0.017783
2024-01-29   7515898.0  204.9875  206.060  205.19  207.0400  203.8500  109822 2024-01-29 05:00:00    208.331   232.7066   -0.001363
2024-01-30  13309589.0  200.6477  203.650  200.44  203.9800  199.1400  179945 2024-01-30 05:00:00    208.323   232.5412   -0.023149
2024-01-31  22409376.0  210.0150  204.920  211.04  213.7700  203.2500  262205 2024-01-31 05:00:00    209.121   232.6300    0.052884
2024-02-01  10679209.0  209.5094  213.840  209.81  214.6324  206.8100  140777 2024-02-01 05:00:00    208.941   232.6654   -0.005828
2024-02-02   6275335.0  208.1408  209.060  209.38  209.5400  206.3501   90776 2024-02-02 05:00:00    208.377   232.4988   -0.002049
2024-02-05   8682514.0  205.6821  204.640  206.63  207.3400  202.0000  116121 2024-02-05 05:00:00    207.547   232.2660   -0.013134
2024-02-06   7561923.0  208.5696  206.020  208.58  210.6399  203.8900   97820 2024-02-06 05:00:00    207.255   232.0394    0.009437
2024-02-07   7747653.0  211.5888  208.760  211.92  213.7700  207.9900   99908 2024-02-07 05:00:00    207.034   231.8778    0.016013
2024-02-08   5787652.0  210.2859  212.400  209.22  213.1000  208.7200   77459 2024-02-08 05:00:00    207.768   231.6762   -0.012741
2024-02-09   4349671.0  209.1935  209.770  209.20  211.4400  207.9000   63559 2024-02-09 05:00:00    208.141   231.4128   -0.000096
2024-02-12   4077413.0  208.9010  208.700  209.33  209.8000  207.6000   62306 2024-02-12 05:00:00    208.555   231.1108    0.000621
2024-02-13   8263634.0  204.4912  206.900  204.46  207.8100  202.3300  117807 2024-02-13 05:00:00    208.957   230.5674   -0.023265
2024-02-14   6494702.0  203.5934  205.950  203.38  206.5800  202.2100  101010 2024-02-14 05:00:00    208.191   229.9576   -0.005282
2024-02-15   5309060.0  205.2070  204.120  205.33  206.5500  203.4000   76387 2024-02-15 05:00:00    207.743   229.3668    0.009588
2024-02-16   5986529.0  203.5989  204.880  203.89  205.0500  202.8100   74567 2024-02-16 05:00:00    207.194   228.7614   -0.007013
2024-02-20   5248399.0  203.7007  203.550  203.37  205.5800  202.7100   76546 2024-02-20 05:00:00    206.868   228.0910   -0.002550
2024-02-21   4179808.0  202.1141  202.900  201.57  203.6322  201.2100   66104 2024-02-21 05:00:00    206.167   227.3758   -0.008851
2024-02-22   6494041.0  201.8906  202.000  201.50  204.0970  200.4000   86986 2024-02-22 05:00:00    205.125   226.5118   -0.000347
2024-02-23   7433353.0  200.2226  200.990  200.83  202.0700  197.1500  106642 2024-02-23 05:00:00    204.286   225.5668   -0.003325
2024-02-26   4807216.0  201.0874  201.010  200.54  202.7500  200.0000   69581 2024-02-26 05:00:00    203.420   224.6050   -0.001444
2024-02-27   3932875.0  200.9409  200.930  201.40  202.0000  200.0400   57732 2024-02-27 05:00:00    202.627   223.6148    0.004288
2024-02-28   9654653.0  205.8401  201.140  207.00  208.1000  200.1800  125576 2024-02-28 05:00:00    202.881   222.6300    0.027805
2024-02-29   6670260.0  203.8449  206.440  203.72  206.6150  202.7043   82561 2024-02-29 05:00:00    202.915   221.4190   -0.015845
2024-03-01  11609465.0  201.2844  204.000  200.00  205.0600  199.0100  153765 2024-03-01 05:00:00    202.382   220.2108   -0.018260
2024-03-04   7210885.0  199.7400  199.500  200.54  201.5400  196.9200  110910 2024-03-04 05:00:00    202.047   218.9514    0.002700
2024-03-05   5034661.0  201.0758  199.490  201.14  202.8500  198.7000   72896 2024-03-05 05:00:00    201.824   217.7692    0.002992
2024-03-06   4736636.0  200.8547  201.770  201.00  202.3450  199.8601   65165 2024-03-06 05:00:00    201.767   216.5488   -0.000696
2024-03-07   5965338.0  202.5014  200.700  203.03  203.7300  200.5700   74702 2024-03-07 05:00:00    201.920   215.4006    0.010100
2024-03-08   8980175.0  200.3819  201.840  198.49  203.8000  198.4600  100430 2024-03-08 05:00:00    201.686   214.1146   -0.022361
2024-03-11  14160616.0  192.1967  194.210  192.49  196.0700  189.8000  179398 2024-03-11 04:00:00    200.881   212.7224   -0.030228
2024-03-12  18714751.0  184.8418  188.235  184.24  188.5800  183.1600  253035 2024-03-12 04:00:00    199.165   211.2002   -0.042859
2024-03-13  10196147.0  183.5312  183.160  182.35  185.9700  182.0800  138080 2024-03-13 04:00:00    196.700   209.6340   -0.010258
2024-03-14  10012189.0  182.1496  182.000  181.15  184.9399  180.5200  132284 2024-03-14 04:00:00    194.443   208.2218   -0.006581
2024-03-15  10800678.0  182.7093  180.990  182.53  184.1800  180.9100  106516 2024-03-15 04:00:00    192.696   206.9942    0.007618
2024-03-18   9496617.0  179.6430  180.260  179.84  181.1900  177.5194  133140 2024-03-18 04:00:00    190.626   205.6922   -0.014737
2024-03-19   7648033.0  180.7296  180.110  181.14  181.8600  179.7350   92239 2024-03-19 04:00:00    188.626   204.3350    0.007229
2024-03-20  12766224.0  185.0540  178.990  187.78  188.2970  178.6000  156829 2024-03-20 04:00:00    187.304   203.5106    0.036657
2024-03-21   7436385.0  188.5309  189.790  187.70  190.3843  187.5500  101416 2024-03-21 04:00:00    185.771   202.7494   -0.000426
2024-03-22   7826970.0  190.1832  188.750  188.85  192.9400  188.1900   98310 2024-03-22 04:00:00    184.807   201.9696    0.006127
2024-03-25  12952957.0  191.6550  196.010  191.41  196.1800  189.5001  162762 2024-03-25 04:00:00    184.699   201.3446    0.013556
2024-03-26   8954192.0  188.4606  192.020  187.50  192.0300  186.8100  117410 2024-03-26 04:00:00    185.025   200.7406   -0.020427
2024-03-27   7362715.0  190.8033  188.840  191.95  191.9900  188.3300   92116 2024-03-27 04:00:00    185.985   200.5692    0.023733
2024-03-28   4471666.0  192.4913  192.000  192.99  193.3800  191.2000   66794 2024-03-28 04:00:00    187.169   200.3678    0.005418
2024-04-01   5107773.0  190.0549  192.240  189.50  192.8673  189.0300   72350 2024-04-01 04:00:00    187.866   199.9256   -0.018084
2024-04-02   4477218.0  188.0617  189.000  188.04  189.2300  187.1300   67292 2024-04-02 04:00:00    188.686   199.3860   -0.007704
2024-04-03   6609307.0  186.3800  187.680  184.92  188.7800  184.2700   94085 2024-04-03 04:00:00    189.064   198.7858   -0.016592
2024-04-04   6513806.0  185.3952  185.930  183.29  188.0000  182.8100   87258 2024-04-04 04:00:00    188.615   198.2216   -0.008815
2024-04-05   4130401.0  183.5788  184.160  183.14  184.6600  182.4400   63495 2024-04-05 04:00:00    188.159   197.6018   -0.000818
2024-04-08   6176429.0  182.4514  182.140  181.56  184.5500  181.4900   73794 2024-04-08 04:00:00    187.430   197.1954   -0.008627
2024-04-09  11439940.0  178.9021  181.510  178.12  183.0500  176.5700  151557 2024-04-09 04:00:00    186.101   196.6484   -0.018947
2024-04-10   9727732.0  174.5802  176.310  174.63  178.1000  172.4400  143772 2024-04-10 04:00:00    184.814   196.0372   -0.019594
2024-04-11   7622510.0  172.8717  174.470  173.36  174.7000  171.3800  102456 2024-04-11 04:00:00    182.955   195.4956   -0.007273
2024-04-12   7567337.0  170.7013  172.200  169.55  173.2400  169.3700  112542 2024-04-12 04:00:00    180.611   194.6658   -0.021977
2024-04-15   6346662.0  168.9053  170.740  167.82  171.1800  167.5300   96835 2024-04-15 04:00:00    178.443   193.8260   -0.010203
2024-04-16   7948108.0  169.4511  168.140  170.55  170.6400  167.7500   99167 2024-04-16 04:00:00    176.694   193.0494    0.016267
2024-04-17   8093770.0  169.5373  170.000  170.21  170.8500  168.1215  105513 2024-04-17 04:00:00    175.223   192.3210   -0.001994
2024-04-18   5058834.0  170.5936  169.480  170.23  172.0400  169.0950   75014 2024-04-18 04:00:00    173.917   191.5540    0.000118
2024-04-19   4636287.0  170.5420  170.000  169.82  172.0000  169.6500   67605 2024-04-19 04:00:00    172.585   190.7120   -0.002409
2024-04-22   4665311.0  170.3163  169.820  170.48  172.1500  168.1600   68742 2024-04-22 04:00:00    171.477   189.9372    0.003886
2024-04-23   7591938.0  169.2552  170.950  169.18  171.1800  168.4300  103667 2024-04-23 04:00:00    170.583   189.1368   -0.007626
2024-04-24  20806740.0  168.3267  176.500  164.33  177.6400  162.7400  257973 2024-04-24 04:00:00    169.553   188.2368   -0.028668
2024-04-25  12452000.0  163.3698  163.590  166.81  168.1300  159.7000  160138 2024-04-25 04:00:00    168.898   187.4838    0.015092
2024-04-26   6905004.0  166.9672  165.980  167.22  168.6500  164.9300   81728 2024-04-26 04:00:00    168.665   186.7606    0.002458
2024-04-29   7742356.0  172.0870  167.900  173.49  173.8100  167.5500  107137 2024-04-29 04:00:00    169.232   186.1238    0.037496
2024-04-30   8209789.0  170.5502  171.490  167.84  174.0700  167.7600  105118 2024-04-30 04:00:00    168.961   185.4028   -0.032567
2024-05-01   5920360.0  170.9117  167.500  171.46  173.8600  167.5000   87467 2024-05-01 04:00:00    169.086   184.7646    0.021568
2024-05-02  10190109.0  176.8436  173.000  178.85  178.9000  172.2501  120145 2024-05-02 04:00:00    169.948   184.3102    0.043100
2024-05-03   5396172.0  179.2516  179.590  179.79  180.4900  177.9000   83185 2024-05-03 04:00:00    170.945   183.8760    0.005256
2024-05-06  11691380.0  179.2092  180.880  178.35  183.9800  174.7100  150090 2024-05-06 04:00:00    171.732   183.4264   -0.008009
2024-05-07   5046631.0  176.9860  177.220  176.71  178.3500  176.1300   80986 2024-05-07 04:00:00    172.485   182.9498   -0.009195
2024-05-08   4932888.0  179.0318  175.950  180.35  181.6600  175.9500   67862 2024-05-08 04:00:00    174.087   182.5288    0.020599
2024-05-09   5019443.0  181.0234  179.550  181.25  181.7500  179.3100   68606 2024-05-09 04:00:00    175.531   182.0138    0.004990
2024-05-10   3699229.0  179.3222  181.250  178.51  181.8800  177.9200   58541 2024-05-10 04:00:00    176.660   181.5096   -0.015117
2024-05-13   3034342.0  179.2589  179.040  178.44  180.7500  178.0700   51749 2024-05-13 04:00:00    177.155   181.0784   -0.000392
2024-05-14   4579296.0  181.2486  180.230  180.76  183.6600  179.6300   63740 2024-05-14 04:00:00    178.447   180.6828    0.013002
2024-05-15   5827065.0  177.5288  180.140  176.99  180.6700  176.1700   89594 2024-05-15 04:00:00    179.000   180.1998   -0.020856
2024-05-16   6975606.0  182.2269  177.600  182.96  183.7600  177.2500   96332 2024-05-16 04:00:00    179.411   179.8390    0.033731
2024-05-17   5458893.0  183.6873  183.250  184.95  185.3799  181.2200   73246 2024-05-17 04:00:00    179.927   179.4774    0.010877
2024-05-20   6110582.0  187.1824  184.650  186.61  188.6300  184.0100   88783 2024-05-20 04:00:00    180.753   179.2398    0.008975
2024-05-21   4330098.0  184.8460  185.300  184.78  186.3900  183.1100   68928 2024-05-21 04:00:00    181.560   179.0856   -0.009807
2024-05-22   3685924.0  185.4972  184.600  186.28  186.8183  183.4100   56336 2024-05-22 04:00:00    182.153   179.1264    0.008118
2024-05-23  17050653.0  175.5878  185.790  172.21  186.0000  171.6100  207234 2024-05-23 04:00:00    181.249   178.9236   -0.075531
2024-05-24   9426160.0  172.6094  173.200  174.52  174.8595  169.5700  109747 2024-05-24 04:00:00    180.850   178.7910    0.013414
2024-05-28   5235338.0  175.1414  174.730  175.08  178.4914  173.3800   71669 2024-05-28 04:00:00    180.514   178.6420    0.003209
2024-05-29   3610326.0  173.3406  173.610  171.65  175.8299  171.6100   59610 2024-05-29 04:00:00    179.603   178.4782   -0.019591
2024-05-30   3852729.0  173.1014  172.640  172.75  174.6800  171.5501   58078 2024-05-30 04:00:00    179.179   178.3104    0.006408
2024-05-31   5662090.0  175.6317  173.120  177.61  177.9000  172.2100   70525 2024-05-31 04:00:00    178.644   178.1070    0.028133
2024-06-03   8807894.0  182.7077  178.090  184.57  186.0100  178.0197  115921 2024-06-03 04:00:00    178.606   178.0444    0.039187
2024-06-04   7026878.0  186.5784  185.050  188.62  188.8400  183.2500   99814 2024-06-04 04:00:00    178.807   178.0398    0.021943
2024-06-05   5887799.0  188.9453  187.900  189.85  190.3400  186.5268   85180 2024-06-05 04:00:00    179.314   178.0086    0.006521
2024-06-06   5887606.0  190.2932  188.830  191.42  192.1000  187.3500   77556 2024-06-06 04:00:00    179.828   178.0870    0.008270
2024-06-07   3289368.0  190.5994  190.460  190.24  191.9800  189.6600   59575 2024-06-07 04:00:00    181.631   178.0528   -0.006164
2024-06-10   4364950.0  190.5328  190.000  190.12  192.6300  189.6000   63556 2024-06-10 04:00:00    183.191   177.9954   -0.000631
2024-06-11   4918184.0  185.2822  189.320  185.50  189.3200  182.7500   77035 2024-06-11 04:00:00    184.233   177.9154   -0.024300
2024-06-12   5026900.0  183.3898  186.500  182.67  187.1600  181.7100   80774 2024-06-12 04:00:00    185.335   177.8080   -0.015256
2024-06-13   4146913.0  181.0302  181.740  180.70  183.8700  178.9900   61943 2024-06-13 04:00:00    186.130   177.7236   -0.010784
2024-06-14   4825884.0  177.4314  178.900  177.27  180.2899  175.2200   73393 2024-06-14 04:00:00    186.096   177.6032   -0.018982
2024-06-17   4728955.0  178.3038  176.750  178.39  180.4500  176.3200   67797 2024-06-17 04:00:00    185.478   177.5082    0.006318
2024-06-18   6141654.0  174.9915  177.610  174.99  178.0000  173.8200   93570 2024-06-18 04:00:00    184.115   177.3768   -0.019059
2024-06-20   5318326.0  174.6781  173.020  176.30  176.6489  172.0450   83577 2024-06-20 04:00:00    182.760   177.3404    0.007486
2024-06-21   8242061.0  176.6647  176.830  176.56  178.4100  175.6600   69342 2024-06-21 04:00:00    181.274   177.3790    0.001475
2024-06-24   7059418.0  178.9209  176.150  179.10  180.6000  175.5901   83552 2024-06-24 04:00:00    180.160   177.4938    0.014386
2024-06-25   7611068.0  175.1481  176.290  175.10  178.7600  173.2900  100423 2024-06-25 04:00:00    178.658   177.6048   -0.022334
2024-06-26   6524307.0  177.5040  174.960  178.50  178.8200  173.7600   84284 2024-06-26 04:00:00    177.958   177.8184    0.019417
2024-06-27   8014155.0  182.0712  178.910  182.51  183.6800  178.0100  100803 2024-06-27 04:00:00    177.942   178.0576    0.022465
2024-06-28   5494325.0  182.2814  182.600  182.01  184.4350  180.6500   65885 2024-06-28 04:00:00    178.073   178.2936   -0.002740
2024-07-01   9003001.0  186.6703  182.200  186.70  189.4700  182.2000  118185 2024-07-01 04:00:00    179.016   178.6230    0.025768
2024-07-02   4063497.0  186.3730  186.340  185.42  189.2250  184.5200   75169 2024-07-02 04:00:00    179.719   178.9350   -0.006856
2024-07-03   2747522.0  184.2119  185.050  184.31  185.4200  182.8500   45254 2024-07-03 04:00:00    180.651   179.2116   -0.005986
2024-07-05   3243466.0  184.3994  184.000  184.83  185.3800  182.2300   56334 2024-07-05 04:00:00    181.504   179.5246    0.002821
2024-07-08   9798098.0  187.1131  186.940  185.84  191.5000  182.2800  124828 2024-07-08 04:00:00    182.432   179.9548    0.005464
2024-07-09   3897942.0  184.7182  185.110  183.24  186.2450  183.1500   62910 2024-07-09 04:00:00    182.846   180.2834   -0.013991
2024-07-10   3516431.0  183.8583  183.600  183.73  184.9000  182.8000   51526 2024-07-10 04:00:00    183.709   180.6136    0.002674
2024-07-11   4691005.0  184.4073  184.170  183.91  186.1000  183.4000   62077 2024-07-11 04:00:00    184.250   180.8220    0.000980
2024-07-12   5061869.0  182.0400  183.730  182.31  184.4899  180.4500   79277 2024-07-12 04:00:00    184.230   181.1114   -0.008700
2024-07-15   5146764.0  180.1093  183.500  179.11  183.7200  178.8800   76949 2024-07-15 04:00:00    183.940   181.2644   -0.017553
2024-07-16   8453416.0  184.9748  180.050  186.05  187.4400  179.2000  109010 2024-07-16 04:00:00    183.875   181.4084    0.038747
2024-07-17   4862584.0  185.5447  185.320  184.84  188.4500  183.7900   75410 2024-07-17 04:00:00    183.817   181.5094   -0.006504
2024-07-18   5192511.0  182.4076  184.240  180.23  187.3700  179.8800   80764 2024-07-18 04:00:00    183.409   181.5470   -0.024940
2024-07-19   4489133.0  178.9296  181.400  179.67  181.5000  177.3900   66259 2024-07-19 04:00:00    182.893   181.6062   -0.003107
2024-07-22   4781790.0  179.1646  181.360  178.90  182.7200  177.2300   71870 2024-07-22 04:00:00    182.199   181.5772   -0.004286
2024-07-23   7578809.0  184.7392  179.100  186.48  187.0400  179.0000  106564 2024-07-23 04:00:00    182.523   181.6818    0.042370
2024-07-24   5050287.0  182.2031  185.620  180.07  187.0000  179.9700   85137 2024-07-24 04:00:00    182.157   181.7130   -0.034374
2024-07-25   6024939.0  184.7056  179.450  184.35  188.3500  179.4500   88970 2024-07-25 04:00:00    182.201   181.8312    0.023769
2024-07-26   6131169.0  187.4644  185.860  186.89  189.5900  184.6300   82794 2024-07-26 04:00:00    182.659   181.9538    0.013778
2024-07-29   3569890.0  185.2146  186.700  185.43  187.0800  183.8300   57850 2024-07-29 04:00:00    183.291   182.1226   -0.007812
2024-07-30   4748945.0  186.7953  186.100  186.86  188.1300  185.1500   75489 2024-07-30 04:00:00    183.372   182.2006    0.007712
2024-07-31  15325325.0  191.7292  189.880  190.60  196.9500  183.8600  203538 2024-07-31 04:00:00    183.948   182.3136    0.020015
2024-08-01  13628671.0  180.3238  190.000  178.31  191.1700  176.6900  188104 2024-08-01 04:00:00    183.756   182.1476   -0.064481
2024-08-02  11664788.0  169.5454  175.220  169.95  175.4600  167.2500  180568 2024-08-02 04:00:00    182.784   181.8510   -0.046885
2024-08-05   9159122.0  165.6133  162.520  167.03  167.6800  162.5000  132379 2024-08-05 04:00:00    181.597   181.4660   -0.017182
2024-08-06   5709605.0  165.6657  168.890  165.04  169.1900  163.3900   92419 2024-08-06 04:00:00    179.453   181.3226   -0.011914
2024-08-07   4940266.0  164.8621  167.000  163.24  167.9800  162.9900   76851 2024-08-07 04:00:00    177.770   181.0970   -0.010906
2024-08-08   6007838.0  167.6934  164.230  168.87  169.3500  164.0000   75775 2024-08-08 04:00:00    176.222   180.9728    0.034489
2024-08-09   3502235.0  167.8804  168.390  167.91  169.8500  166.9000   55409 2024-08-09 04:00:00    174.324   180.8980   -0.005685
2024-08-12   4691736.0  164.8638  167.730  164.13  168.0500  163.5190   71235 2024-08-12 04:00:00    172.194   180.7256   -0.022512
2024-08-13   6371510.0  166.4815  164.500  168.76  168.8800  162.6200   82856 2024-08-13 04:00:00    170.384   180.5486    0.028209
2024-08-14   3832780.0  168.4820  167.885  168.50  169.7500  167.3300   56512 2024-08-14 04:00:00    168.174   180.2272   -0.001541
2024-08-15   5888119.0  174.1189  170.000  176.41  176.5600  169.9800   87101 2024-08-15 04:00:00    167.984   179.9830    0.046944
2024-08-16   6684914.0  179.0344  176.300  179.99  180.5100  176.3000   85822 2024-08-16 04:00:00    168.988   179.7858    0.020294
2024-08-19   3862914.0  179.2062  180.040  179.64  180.7000  177.6300   58715 2024-08-19 04:00:00    170.249   179.5502   -0.001945
2024-08-20   9511461.0  172.4371  176.490  172.10  177.5000  170.0400  128838 2024-08-20 04:00:00    170.955   179.1874   -0.041973
2024-08-21   4428879.0  172.7154  173.000  173.43  174.2000  171.0400   63986 2024-08-21 04:00:00    171.974   178.8536    0.007728
2024-08-22   2754762.0  173.3880  173.000  172.76  175.2100  172.3000   46700 2024-08-22 04:00:00    172.363   178.5988   -0.003863
2024-08-23   4264762.0  175.1045  173.880  174.96  176.9200  173.1700   64890 2024-08-23 04:00:00    173.068   178.4446    0.012734
2024-08-26   3977635.0  173.5952  173.000  173.48  174.9150  172.3000   58107 2024-08-26 04:00:00    174.003   178.3002   -0.008459
2024-08-27   3164292.0  172.5709  173.620  173.05  173.9300  171.2500   49262 2024-08-27 04:00:00    174.432   178.2158   -0.002479
2024-08-28   4453088.0  171.3233  172.300  170.71  174.2500  170.1500   64692 2024-08-28 04:00:00    174.653   178.0622   -0.013522
2024-08-29   4082290.0  172.8981  171.710  172.26  175.2800  170.6200   61911 2024-08-29 04:00:00    174.238   178.0076    0.009080
2024-08-30   4018396.0  173.0530  173.140  173.74  174.3600  171.4900   55805 2024-08-30 04:00:00    173.613   177.9564    0.008592
2024-09-03  17736724.0  160.9682  167.030  161.02  169.6000  158.3000  244063 2024-09-03 04:00:00    171.751   177.6456   -0.073213
2024-09-04   7161216.0  163.8270  160.280  163.22  166.7000  160.2800   96756 2024-09-04 04:00:00    170.863   177.3280    0.013663
2024-09-05   4641380.0  162.3166  164.150  162.15  164.6163  160.1000   72448 2024-09-05 04:00:00    169.735   177.0690   -0.006556
2024-09-06   6856355.0  158.4476  162.500  157.62  162.8500  156.6950  106547 2024-09-06 04:00:00    168.221   176.6514   -0.027937
2024-09-09   8926215.0  163.4042  162.300  162.91  164.5500  161.1100  117198 2024-09-09 04:00:00    167.016   176.2594    0.033562
2024-09-10   6262111.0  159.3888  162.610  160.07  163.9000  157.9300   94162 2024-09-10 04:00:00    165.675   175.8206   -0.017433
2024-09-11   6529198.0  159.3145  159.790  161.33  161.8699  156.1000   88609 2024-09-11 04:00:00    164.503   175.3132    0.007872
2024-09-12   4727963.0  162.2086  159.420  162.77  163.5000  159.0600   69413 2024-09-12 04:00:00    163.709   174.8602    0.008926
2024-09-13  18934342.0  158.2660  159.780  156.77  162.8899  155.6000  217848 2024-09-13 04:00:00    162.160   174.3094   -0.036862
2024-09-16   9897189.0  155.5265  156.250  155.55  157.7600  154.0200  128897 2024-09-16 04:00:00    160.341   173.7238   -0.007782
2024-09-17   7967410.0  156.6958  156.170  156.39  158.8800  155.1400  112128 2024-09-17 04:00:00    159.878   173.1348    0.005400
2024-09-18   7504568.0  156.5384  157.000  155.11  158.4500  154.8000   96568 2024-09-18 04:00:00    159.067   172.5722   -0.008185
2024-09-19   9224989.0  155.3803  157.000  154.59  157.1800  154.2700  113229 2024-09-19 04:00:00    158.311   171.9894   -0.003352
2024-09-20  13410216.0  153.4040  154.010  153.29  154.6400  152.6000  109641 2024-09-20 04:00:00    157.878   171.3770   -0.008409
2024-09-23  12453619.0  155.5138  153.000  156.30  158.4300  151.6500  129698 2024-09-23 04:00:00    157.217   170.8568    0.019636
2024-09-24   7367526.0  154.9762  155.800  155.81  155.9000  153.6900   97898 2024-09-24 04:00:00    156.791   170.3908   -0.003135
2024-09-25   9546323.0  153.6775  156.420  152.22  157.2200  152.0450  125320 2024-09-25 04:00:00    155.880   169.7142   -0.023041
2024-09-26  11146249.0  154.8168  153.940  154.58  157.3300  152.6600  132056 2024-09-26 04:00:00    155.061   169.1090    0.015504
2024-09-27   7347412.0  156.2241  155.365  156.32  157.3300  154.3900   88490 2024-09-27 04:00:00    155.016   168.6308    0.011256
2024-09-30  10828320.0  152.3624  154.790  152.04  155.3000  151.2400  135824 2024-09-30 04:00:00    154.665   168.0782   -0.027380
2024-10-01  12509032.0  153.1806  151.460  154.22  156.4000  149.4900  153275 2024-10-01 04:00:00    154.448   167.5846    0.014338
2024-10-02   4192293.0  153.5097  153.765  152.89  154.8499  152.8350   63647 2024-10-02 04:00:00    154.226   166.9128   -0.008624
2024-10-03   5653529.0  151.1816  152.120  150.52  152.7400  150.5100   89573 2024-10-03 04:00:00    153.819   166.3218   -0.015501
2024-10-04   6650122.0  153.0367  152.260  155.00  155.0000  150.8500   90898 2024-10-04 04:00:00    153.990   165.7348    0.029763
2024-10-07   6159208.0  156.5286  155.000  155.91  158.7599  154.6800   88764 2024-10-07 04:00:00    153.951   165.1152    0.005871
2024-10-08   5308655.0  155.0597  155.990  154.65  156.7000  154.1400   72952 2024-10-08 04:00:00    153.835   164.4996   -0.008082
2024-10-09  12448626.0  150.1902  152.050  149.37  152.1900  148.8000  161192 2024-10-09 04:00:00    153.550   163.7498   -0.034142
2024-10-10  11231738.0  147.4527  149.070  146.62  149.1100  146.2600  151313 2024-10-10 04:00:00    152.754   162.8702   -0.018411
2024-10-11   9508760.0  149.5831  146.300  151.02  151.1200  146.3000  116919 2024-10-11 04:00:00    152.224   162.3244    0.030010
2024-10-14   9563449.0  148.2641  148.000  148.99  150.0900  146.0200  130071 2024-10-14 04:00:00    151.919   161.9052   -0.013442
2024-10-15  11001968.0  151.4068  150.500  152.35  153.9500  148.5500  148533 2024-10-15 04:00:00    151.732   161.6116    0.022552
2024-10-16   8298606.0  153.5775  151.910  154.90  154.9900  151.3400  112562 2024-10-16 04:00:00    151.933   161.4088    0.016738
2024-10-17   6067554.0  155.7480  155.000  155.31  157.1400  154.2500   91222 2024-10-17 04:00:00    152.412   161.2502    0.002647
2024-10-18   5936954.0  154.8677  155.840  155.00  156.3700  153.9000   74962 2024-10-18 04:00:00    152.412   160.9728   -0.001996
2024-10-21  13192325.0  160.6290  160.250  159.82  163.4400  158.3600  171376 2024-10-21 04:00:00    152.803   160.8110    0.031097
2024-10-22   7345422.0  159.7353  160.500  159.88  160.6600  158.3700  107382 2024-10-22 04:00:00    153.326   160.7260    0.000375
2024-10-23  15854572.0  156.8256  160.000  157.06  161.4725  153.5300  200494 2024-10-23 04:00:00    154.095   160.4920   -0.017638
2024-10-24   9446752.0  154.2011  152.610  155.20  155.8900  151.9800  125362 2024-10-24 04:00:00    154.953   160.2260   -0.011843
2024-10-25   8022842.0  155.7365  156.200  155.01  157.4800  154.5202  103760 2024-10-25 04:00:00    155.352   159.7980   -0.001224
2024-10-28  20983637.0  152.3274  153.500  150.69  155.2000  150.6100  221937 2024-10-28 04:00:00    155.522   159.2120   -0.027869
2024-10-29  64874594.0  152.4589  147.860  152.98  155.9900  147.5800  548317 2024-10-29 04:00:00    155.585   158.6788    0.015197
2024-10-30  47940621.0  154.7766  152.510  154.29  156.9100  152.5100  271419 2024-10-30 04:00:00    155.524   158.3226    0.008563
2024-10-31  28707267.0  149.7840  154.310  149.31  154.4800  147.8800  247833 2024-10-31 04:00:00    154.924   157.8402   -0.032277
2024-11-01  18599405.0  154.0091  152.780  154.59  156.0000  151.2300  189758 2024-11-01 04:00:00    154.883   157.4768    0.035363
2024-11-04   9671348.0  155.3482  154.620  155.07  156.7200  152.4600  112813 2024-11-04 05:00:00    154.408   157.0790    0.003105
2024-11-05  23037155.0  153.1671  157.470  151.00  157.6600  150.6500  234398 2024-11-05 05:00:00    153.520   156.6294   -0.026246
2024-11-06  27925776.0  147.4888  152.300  147.16  153.2000  144.1300  323730 2024-11-06 05:00:00    152.530   156.1116   -0.025430
2024-11-07  14555082.0  150.7949  148.800  150.98  152.8000  148.0300  151875 2024-11-07 05:00:00    152.108   155.7170    0.025958
2024-11-08  12812142.0  151.3211  151.120  151.68  152.6000  149.4300  133082 2024-11-08 05:00:00    151.775   155.3054    0.004636
2024-11-11  12591969.0  149.3446  152.000  148.96  152.5000  148.0700  144883 2024-11-11 05:00:00    151.602   154.8098   -0.017932
2024-11-12  16656086.0  145.6552  148.400  145.17  148.5000  143.8500  201008 2024-11-12 05:00:00    150.821   154.4928   -0.025443
2024-11-13  21153064.0  141.3997  145.580  139.97  145.5800  139.1000  236272 2024-11-13 05:00:00    149.389   154.0278   -0.035820
2024-11-14  15545626.0  139.0369  140.800  138.14  141.5500  137.2200  171429 2024-11-14 05:00:00    148.272   153.5476   -0.013074
2024-11-15  11553453.0  139.2995  138.140  140.19  140.3247  137.0300  134306 2024-11-15 05:00:00    146.832   153.1990    0.014840
2024-11-18  12029472.0  142.5644  140.255  143.87  144.6900  138.2000  126586 2024-11-18 05:00:00    145.712   152.8182    0.026250
2024-11-19   8155746.0  144.8803  143.000  145.60  145.9900  142.6901   99087 2024-11-19 05:00:00    145.172   152.5288    0.012025
2024-11-20   9073355.0  146.1120  146.040  146.08  147.3000  145.0201   91226 2024-11-20 05:00:00    145.064   152.2238    0.003297
2024-11-21   7713300.0  143.5894  146.390  143.41  146.4200  141.3400  104603 2024-11-21 05:00:00    144.307   151.8366   -0.018278
2024-11-22  13210220.0  148.0293  143.610  149.29  150.3390  143.4900  149452 2024-11-22 05:00:00    144.068   151.6870    0.041001
2024-11-25  11188615.0  152.0387  150.700  153.10  153.2800  150.2600  133589 2024-11-25 05:00:00    144.482   151.6380    0.025521
2024-11-26   8195002.0  151.3791  152.500  150.76  153.1398  149.8000  100220 2024-11-26 05:00:00    145.041   151.5254   -0.015284
2024-11-27   5124612.0  151.7319  151.110  152.40  152.9100  150.2500   70791 2024-11-27 05:00:00    146.284   151.4712    0.010878
2024-11-29   6881554.0  155.6692  153.000  155.44  157.5025  152.8500   80700 2024-11-29 05:00:00    148.014   151.4882    0.019948
2024-12-02   9893534.0  157.9221  155.910  156.54  160.3500  155.7000  123189 2024-12-02 05:00:00    149.649   151.5532    0.007077
2024-12-03   6058317.0  155.6697  156.000  155.00  156.6486  154.4200   76236 2024-12-03 05:00:00    150.762   151.5272   -0.009838
2024-12-04   9174592.0  157.7647  155.880  158.28  160.2000  154.2100  105619 2024-12-04 05:00:00    152.030   151.5766    0.021161
2024-12-05   7076097.0  157.5406  158.500  156.67  160.0200  156.0475   94753 2024-12-05 05:00:00    153.089   151.6656   -0.010172
2024-12-06   8110102.0  155.3941  157.030  153.93  158.9533  153.3700   94200 2024-12-06 05:00:00    154.141   151.6526   -0.017489
2024-12-09  12912986.0  158.8030  154.270  157.04  161.9500  154.2700  146684 2024-12-09 05:00:00    154.916   151.6670    0.020204