               v_COST        vw   o_COST  c_COST      h_COST    l_COST       n                 t_a  COST_SMA_10  COST_SMA_50  COST_Returns
t                                                                                                                                         
2023-12-11  2139261.0  623.4357  621.970  623.86  625.030000  618.7601   78083 2023-12-11 05:00:00      602.830     575.1412      0.021415
2023-12-12  2374394.0  627.6294  627.440  629.50  629.690000  623.2100   67524 2023-12-12 05:00:00      606.380     576.3050      0.009040
2023-12-13  2436857.0  638.0756  633.920  642.00  642.595000  631.0000   81508 2023-12-13 05:00:00      611.794     577.8442      0.019857
2023-12-14  3839180.0  633.5587  641.180  630.78  641.900000  630.3000  123554 2023-12-14 05:00:00      615.598     579.0238     -0.017477
2023-12-15  8807735.0  654.8621  641.500  658.82  661.880000  640.5000  152239 2023-12-15 05:00:00      621.855     580.8098      0.044453
2023-12-18  5563447.0  675.5025  664.500  681.24  681.910000  661.1000  126227 2023-12-18 05:00:00      630.071     583.2840      0.034031
2023-12-19  3382809.0  676.1092  675.000  677.74  680.797900  669.1200   98608 2023-12-19 05:00:00      637.310     585.6594     -0.005138
2023-12-20  3782659.0  665.0277  671.790  661.00  674.350000  660.8000  112086 2023-12-20 05:00:00      642.667     587.6376     -0.024700
2023-12-21  2388448.0  663.5730  665.860  665.16  667.340000  659.4500   66880 2023-12-21 05:00:00      648.088     589.6304      0.006293
2023-12-22  1641675.0  670.7281  668.000  671.60  673.273300  666.0000   59186 2023-12-22 05:00:00      654.170     591.7868      0.009682
2023-12-26  1774769.0  673.9841  673.010  674.62  675.860000  670.7800   54398 2023-12-26 05:00:00      659.246     593.9424      0.004497
2023-12-27  1875928.0  665.8772  662.700  666.80  668.580000  660.4000   63362 2023-12-27 05:00:00      662.976     595.8336     -0.011592
2023-12-28  1496929.0  663.4884  665.850  663.10  666.860000  661.5901   61790 2023-12-28 05:00:00      665.086     597.6088     -0.005549
2023-12-29  1947516.0  659.5171  661.000  660.08  663.185000  657.1600   59481 2023-12-29 05:00:00      668.016     599.3176     -0.004554
2024-01-02  2657689.0  652.6147  655.580  650.65  657.800000  649.5000   84292 2024-01-02 05:00:00      667.199     601.0180     -0.014286
2024-01-03  2612563.0  647.4876  651.210  644.69  655.450000  643.1000   75155 2024-01-03 05:00:00      663.544     602.8532     -0.009160
2024-01-04  2171077.0  647.0742  642.080  648.35  649.900000  640.5101   60207 2024-01-04 05:00:00      660.605     604.7744      0.005677
2024-01-05  2233451.0  655.9904  656.180  656.01  659.650000  652.2400   66084 2024-01-05 05:00:00      660.106     606.8578      0.011815
2024-01-08  2245294.0  659.1001  655.810  661.69  662.080000  654.0338   64801 2024-01-08 05:00:00      659.759     609.0918      0.008658
2024-01-09  1886171.0  664.3582  658.880  667.18  667.290000  658.2550   60599 2024-01-09 05:00:00      659.317     611.4834      0.008297
2024-01-10  1801881.0  671.8981  669.560  672.76  673.830000  669.0050   59305 2024-01-10 05:00:00      659.131     614.0780      0.008364
2024-01-11  1670780.0  672.0190  671.000  673.58  674.510000  667.6400   55426 2024-01-11 05:00:00      659.809     616.4520      0.001219
2024-01-12  2388399.0  680.7988  677.500  683.24  683.715000  676.1100   71865 2024-01-12 05:00:00      661.823     619.0680      0.014341
2024-01-16  1626699.0  681.2537  683.240  681.49  686.519900  678.1600   69103 2024-01-16 05:00:00      663.964     621.5618     -0.002561
2024-01-17  1786799.0  682.7525  680.500  684.19  684.870000  679.1900   61878 2024-01-17 05:00:00      667.318     624.1262      0.003962
2024-01-18  1900615.0  685.1199  682.830  687.31  687.720000  680.2100   58768 2024-01-18 05:00:00      671.580     626.6544      0.004560
2024-01-19  2267866.0  692.3713  688.500  694.97  696.130000  682.6650   63254 2024-01-19 05:00:00      676.242     629.1574      0.011145
2024-01-22  2452868.0  694.3242  695.430  692.51  698.660000  690.5150   73362 2024-01-22 05:00:00      679.892     631.5822     -0.003540
2024-01-23  2198580.0  687.2287  690.720  687.59  691.630000  684.6250   75012 2024-01-23 05:00:00      682.482     633.9864     -0.007105
2024-01-24  1946549.0  686.2290  689.000  686.51  689.974000  683.1200   62231 2024-01-24 05:00:00      684.415     636.4512     -0.001571
2024-01-25  2751888.0  679.6422  686.500  679.90  686.500000  675.9600   85283 2024-01-25 05:00:00      685.129     638.5068     -0.009628
2024-01-26  1825517.0  684.5970  680.080  686.88  687.240000  679.5000   57040 2024-01-26 05:00:00      686.459     640.6798      0.010266
2024-01-29  2215436.0  691.5467  689.900  694.01  694.130000  686.2600   58449 2024-01-29 05:00:00      687.536     642.7440      0.010380
2024-01-30  1610482.0  699.0175  692.940  700.74  702.645000  690.8000   65861 2024-01-30 05:00:00      689.461     644.8232      0.009697
2024-01-31  1928495.0  696.8836  701.320  694.88  705.520000  693.0400   63056 2024-01-31 05:00:00      690.530     647.1492     -0.008363
2024-02-01  2039177.0  702.1756  694.000  704.48  705.300000  691.5000   66219 2024-02-01 05:00:00      692.247     649.6958      0.013815
2024-02-02  2377629.0  708.6915  703.340  709.48  714.280000  702.2600   70385 2024-02-02 05:00:00      693.698     652.2694      0.007097
2024-02-05  2276889.0  710.6396  710.640  711.16  712.860000  705.6750   65859 2024-02-05 05:00:00      695.563     654.8066      0.002368
2024-02-06  1920162.0  708.4256  711.230  710.79  712.720000  704.3400   61881 2024-02-06 05:00:00      697.883     657.2408     -0.000520
2024-02-07  2145467.0  719.5859  714.150  719.78  723.320000  712.0000   66260 2024-02-07 05:00:00      701.210     659.8092      0.012648
2024-02-08  1918506.0  724.0624  723.890  724.16  728.170000  720.6600   64666 2024-02-08 05:00:00      705.636     662.3944      0.006085
2024-02-09  1426119.0  723.1628  725.140  723.40  725.533200  720.1200   57157 2024-02-09 05:00:00      709.288     664.9824     -0.001049
2024-02-12  1572611.0  720.8583  723.520  722.41  723.800000  715.3047   63983 2024-02-12 05:00:00      712.128     667.6734     -0.001369
2024-02-13  1951080.0  714.6774  721.390  714.25  721.780000  709.0400   84106 2024-02-13 05:00:00      713.479     670.1036     -0.011296
2024-02-14  1470619.0  719.6495  716.000  722.18  722.551000  711.0699   59988 2024-02-14 05:00:00      716.209     672.6222      0.011103
2024-02-15  1264141.0  723.1977  721.490  724.51  726.030000  718.2800   55207 2024-02-15 05:00:00      718.212     675.1308      0.003226
2024-02-16  1764947.0  724.1161  721.990  723.99  729.060000  718.5000   62382 2024-02-16 05:00:00      719.663     677.5036     -0.000718
2024-02-20  2407333.0  727.0278  728.030  725.69  734.960000  723.7100   76018 2024-02-20 05:00:00      721.116     679.8688      0.002348
2024-02-21  1565913.0  723.9782  725.690  723.02  728.790000  720.2700   56538 2024-02-21 05:00:00      722.339     682.1102     -0.003679
2024-02-22  1801596.0  732.4980  725.850  734.40  736.050000  725.8500   66492 2024-02-22 05:00:00      723.801     684.5826      0.015740
2024-02-23  1265759.0  739.3672  740.120  737.93  742.509900  737.1200   58353 2024-02-23 05:00:00      725.178     686.8640      0.004807
2024-02-26  1707046.0  744.3947  742.000  745.35  746.780000  739.0001   62637 2024-02-26 05:00:00      727.373     689.1810      0.010055
2024-02-27  1471310.0  743.8271  746.000  744.71  746.640000  741.3300   67714 2024-02-27 05:00:00      729.603     691.2352     -0.000859
2024-02-28  1364965.0  748.2206  743.210  747.96  751.880000  743.2100   58499 2024-02-28 05:00:00      732.974     693.5788      0.004364
2024-02-29  3361185.0  745.7238  751.420  743.89  752.560000  742.9900   75193 2024-02-29 05:00:00      735.145     695.2802     -0.005441
2024-03-01  1678119.0  747.4097  740.440  749.44  751.375000  739.2500   68237 2024-03-01 05:00:00      737.638     696.6442      0.007461
2024-03-04  2133354.0  759.9757  755.080  759.18  764.740000  753.6700   95134 2024-03-04 05:00:00      741.157     698.2730      0.012996
2024-03-05  2353351.0  762.5105  768.420  759.95  769.270000  756.9000   96952 2024-03-05 05:00:00      744.583     700.2520      0.001014
2024-03-06  2400644.0  771.2233  764.840  773.24  775.160000  763.6647   94154 2024-03-06 05:00:00      749.605     702.4136      0.017488
2024-03-07  4180079.0  779.6019  779.110  785.59  787.080000  777.0101  153068 2024-03-07 05:00:00      754.724     704.6934      0.015972
2024-03-08  8590163.0  734.8906  756.050  725.56  756.220000  725.1000  314747 2024-03-08 05:00:00      753.487     705.7122     -0.076414
2024-03-11  3762489.0  714.6860  719.810  714.08  720.000000  711.0100  136197 2024-03-11 04:00:00      750.360     706.6578     -0.015822
2024-03-12  3727425.0  732.8211  717.080  736.88  740.053500  716.9050  127442 2024-03-12 04:00:00      749.577     708.1334      0.031929
2024-03-13  2270262.0  732.4527  735.000  734.20  736.500000  726.5800   80807 2024-03-13 04:00:00      748.201     709.6158     -0.003637
2024-03-14  1826066.0  733.0293  738.330  731.95  740.675400  728.9900   69331 2024-03-14 04:00:00      747.007     711.2418     -0.003065
2024-03-15  3390743.0  727.3034  732.520  725.63  732.520000  723.2200   75493 2024-03-15 04:00:00      744.626     712.8606     -0.008634
2024-03-18  1595249.0  731.0251  726.100  731.54  733.335000  726.0150   62099 2024-03-18 04:00:00      741.862     714.5244      0.008145
2024-03-19  1322684.0  732.8851  731.790  732.17  735.350000  730.0200   56250 2024-03-19 04:00:00      739.084     716.0476      0.000861
2024-03-20  1398710.0  737.2630  731.000  740.72  742.090000  729.1300   53763 2024-03-20 04:00:00      735.832     717.6282      0.011678
2024-03-21  2106857.0  745.9505  743.500  742.56  752.310000  741.1000   70144 2024-03-21 04:00:00      731.529     719.1358      0.002484
2024-03-22  1794078.0  737.8155  744.430  734.80  744.790000  734.3800   65210 2024-03-22 04:00:00      732.453     720.3766     -0.010450
2024-03-25  1604668.0  730.0225  731.000  730.96  734.160000  726.7400   70296 2024-03-25 04:00:00      734.141     721.5242     -0.005226
2024-03-26  1353548.0  732.0375  731.000  730.98  734.700000  730.2201   53501 2024-03-26 04:00:00      733.551     722.4790      0.000027
2024-03-27  1246672.0  731.1818  734.000  732.08  735.890000  727.7500   51011 2024-03-27 04:00:00      733.339     723.4908      0.001505
2024-03-28  1713268.0  731.6951  733.850  732.63  734.900000  728.3200   57320 2024-03-28 04:00:00      733.407     724.4596      0.000751
2024-04-01  1600705.0  722.9647  731.760  721.24  733.270000  720.2000   79387 2024-04-01 04:00:00      732.968     725.1382     -0.015547
2024-04-02  2326670.0  711.9721  720.000  711.30  720.000000  708.4000   92690 2024-04-02 04:00:00      730.944     725.4648     -0.013782
2024-04-03  3205499.0  703.7685  709.980  705.69  710.810000  697.2700  118188 2024-04-03 04:00:00      728.296     725.7284     -0.007887
2024-04-04  2252433.0  709.2525  708.770  704.88  717.130000  704.2200   75963 2024-04-04 04:00:00      724.712     726.0742     -0.001148
2024-04-05  1552889.0  712.9952  706.040  713.72  716.889900  706.0200   62630 2024-04-05 04:00:00      721.828     726.6184      0.012541
2024-04-08  1459032.0  712.7421  713.510  711.81  716.140000  710.8700   54819 2024-04-08 04:00:00      719.529     727.2566     -0.002676
2024-04-09  1388289.0  714.4218  716.240  718.59  719.050000  706.9750   56705 2024-04-09 04:00:00      718.292     727.8908      0.009525
2024-04-10  1832047.0  719.3114  711.000  722.58  723.979900  708.9500   67584 2024-04-10 04:00:00      717.452     728.4622      0.005553
2024-04-11  2107799.0  730.6631  731.500  732.35  733.790000  724.1501   68057 2024-04-11 04:00:00      717.479     729.0944      0.013521
2024-04-12  1481799.0  730.2185  728.000  731.31  732.900000  726.5400   57618 2024-04-12 04:00:00      717.347     729.8230     -0.001420
2024-04-15  1763230.0  725.8292  735.430  718.28  741.000000  717.9500   70724 2024-04-15 04:00:00      717.051     730.0990     -0.017817
2024-04-16  1273886.0  717.5168  718.300  715.97  722.499900  712.1300   55397 2024-04-16 04:00:00      717.518     730.2288     -0.003216
2024-04-17  1352722.0  715.4326  723.000  715.19  723.800000  711.0000   51826 2024-04-17 04:00:00      718.468     730.3094     -0.001089
2024-04-18  1720675.0  713.5383  715.190  711.25  718.950000  709.5700   48785 2024-04-18 04:00:00      719.105     730.3186     -0.005509
2024-04-19  2000007.0  707.7065  713.030  709.51  714.870000  702.0000   63764 2024-04-19 04:00:00      718.684     730.1132     -0.002446
2024-04-22  1286497.0  713.1496  714.860  715.46  718.260000  706.1700   53609 2024-04-22 04:00:00      719.049     729.9392      0.008386
2024-04-23  1139070.0  721.6411  719.030  722.68  724.270000  716.2975   52183 2024-04-23 04:00:00      719.458     729.9248      0.010091
2024-04-24  1026510.0  722.4045  719.710  723.89  725.430000  716.0900   48507 2024-04-24 04:00:00      719.589     729.9544      0.001674
2024-04-25  1598490.0  720.4295  727.290  721.86  727.290000  714.4100   59051 2024-04-25 04:00:00      718.540     730.1066     -0.002804
2024-04-26  1474732.0  728.2847  715.000  729.18  730.945000  715.0000   53513 2024-04-26 04:00:00      718.327     730.2466      0.010140
2024-04-29  1491646.0  725.0452  729.530  726.33  732.250000  720.2182   51386 2024-04-29 04:00:00      719.132     730.2830     -0.003908
2024-04-30  1698457.0  722.2521  725.510  722.90  725.510000  717.1000   54465 2024-04-30 04:00:00      719.825     730.2612     -0.004722
2024-05-01  1552462.0  722.7485  722.270  722.22  729.860000  715.3200   54709 2024-05-01 04:00:00      720.528     730.1918     -0.000941
2024-05-02  1754560.0  730.3453  724.750  732.44  734.400000  720.6300   59863 2024-05-02 04:00:00      722.647     730.3802      0.014151
2024-05-03  2307327.0  742.2028  734.280  743.90  747.490000  733.3450   66721 2024-05-03 04:00:00      726.086     730.5702      0.015646
2024-05-06  1756853.0  752.7857  749.590  756.45  756.940000  746.4800   67463 2024-05-06 04:00:00      730.185     730.9406      0.016871
2024-05-07  1865476.0  767.9454  758.690  771.31  772.240000  755.5700   69794 2024-05-07 04:00:00      735.048     731.4598      0.019644
2024-05-08  1493451.0  766.2305  770.000  763.41  773.390000  762.7100   57076 2024-05-08 04:00:00      739.000     731.8338     -0.010242
2024-05-09  1691318.0  775.4055  763.800  779.04  779.710000  763.6057   64903 2024-05-09 04:00:00      744.718     732.4554      0.020474
2024-05-10  1493489.0  784.1821  779.040  787.19  787.449900  778.1600   55902 2024-05-10 04:00:00      750.519     733.3214      0.010462
2024-05-13  1525704.0  778.7539  788.000  775.15  789.481400  773.5800   65164 2024-05-13 04:00:00      755.401     733.8356     -0.015295
2024-05-14  1308513.0  776.8923  774.930  777.90  780.812000  771.4301   54679 2024-05-14 04:00:00      760.901     734.2100      0.003548
2024-05-15  1467591.0  786.5741  778.520  787.04  789.660000  778.5200   62144 2024-05-15 04:00:00      767.383     734.7518      0.011750
2024-05-16  1961835.0  796.9330  791.810  793.07  804.560000  787.8300   79185 2024-05-16 04:00:00      773.446     735.1484      0.007662
2024-05-17  1244594.0  794.7500  793.610  795.81  797.600000  790.6050   49668 2024-05-17 04:00:00      778.637     735.3528      0.003455
2024-05-20  1310857.0  795.9262  795.250  793.00  802.980000  792.3900   54723 2024-05-20 04:00:00      782.292     736.7016     -0.003531
2024-05-21  1307468.0  798.4869  795.570  800.93  801.440000  792.0000   46973 2024-05-21 04:00:00      785.254     738.4386      0.010000
2024-05-22  1171217.0  802.9377  800.040  801.86  806.350000  798.0100   56117 2024-05-22 04:00:00      789.099     739.7382      0.001161
2024-05-23  1400487.0  800.5271  804.300  796.34  808.050000  795.4300   62832 2024-05-23 04:00:00      790.829     740.9810     -0.006884
2024-05-24  1608797.0  810.0334  800.630  809.73  816.866800  799.0900   66595 2024-05-24 04:00:00      793.083     742.5366      0.016814
2024-05-28  1789053.0  810.3017  809.740  813.17  815.290000  804.7200   73506 2024-05-28 04:00:00      796.885     744.2874      0.004248
2024-05-29  1988524.0  808.9313  807.020  806.52  813.440000  806.2900   64595 2024-05-29 04:00:00      799.747     745.7870     -0.008178
2024-05-30  2211885.0  815.0124  810.200  815.34  819.500000  808.3000   99162 2024-05-30 04:00:00      802.577     747.4504      0.010936
2024-05-31  4126493.0  802.3048  809.030  809.89  811.740000  788.2000  123440 2024-05-31 04:00:00      804.259     748.8338     -0.006684
2024-06-03  1937406.0  815.6432  811.000  815.39  827.910000  807.1324   81798 2024-06-03 04:00:00      806.217     750.2904      0.006791
2024-06-04  1707088.0  824.3145  814.980  827.39  828.010000  813.0400   69758 2024-06-04 04:00:00      809.656     752.1422      0.014717
2024-06-05  2006998.0  829.6894  830.910  834.30  834.390000  821.6800   76190 2024-06-05 04:00:00      812.993     754.2090      0.008352
2024-06-06  1670939.0  843.2740  835.420  842.64  849.090900  834.3200   75143 2024-06-06 04:00:00      817.071     756.4422      0.009996
2024-06-07  1546681.0  846.3488  846.680  845.58  850.380000  842.2900   66470 2024-06-07 04:00:00      821.995     758.7122      0.003489
2024-06-10  1344482.0  847.2182  847.180  848.34  849.480000  842.7400   69666 2024-06-10 04:00:00      825.856     761.0264      0.003264
2024-06-11  1507094.0  847.4236  849.240  849.31  850.935000  840.2600   64097 2024-06-11 04:00:00      829.470     763.5878      0.001143
2024-06-12  1723208.0  849.3680  852.310  847.81  855.740000  843.6100   65886 2024-06-12 04:00:00      833.599     766.3180     -0.001766
2024-06-13  1235877.0  844.2575  847.810  845.96  847.810000  837.5500   66871 2024-06-13 04:00:00      836.661     769.1234     -0.002182
2024-06-14  1302764.0  852.1388  843.420  855.67  856.180000  841.9100   61307 2024-06-14 04:00:00      841.239     772.1392      0.011478
2024-06-17  1860081.0  863.8249  854.490  867.91  870.560000  853.3700   82769 2024-06-17 04:00:00      846.491     775.2230      0.014305
2024-06-18  1716790.0  870.7020  868.000  870.75  873.959900  867.7000   70231 2024-06-18 04:00:00      850.827     778.4018      0.003272
2024-06-20  1900630.0  865.9020  871.310  862.44  873.850000  860.5600   89147 2024-06-20 04:00:00      853.641     781.2788     -0.009543
2024-06-21  3596953.0  855.3592  866.640  848.31  866.965300  847.6500   89346 2024-06-21 04:00:00      854.208     783.7934     -0.016384
2024-06-24  1684853.0  847.5953  850.000  848.16  850.630000  841.5100   79779 2024-06-24 04:00:00      854.466     786.1096     -0.000177
2024-06-25  1530261.0  852.9517  849.320  855.51  855.690000  845.0000   60491 2024-06-25 04:00:00      855.183     788.5936      0.008666
2024-06-26  1409988.0  856.9564  852.720  856.84  859.740000  850.0600   57790 2024-06-26 04:00:00      855.936     791.3648      0.001555
2024-06-27  1187210.0  851.7871  857.705  850.62  858.330600  848.6400   63322 2024-06-27 04:00:00      856.217     794.0578     -0.007259
2024-06-28  1913326.0  850.9040  851.250  849.99  857.240000  846.8100   63954 2024-06-28 04:00:00      856.620     796.7538     -0.000741
2024-07-01  1950960.0  846.0617  853.500  845.67  856.000000  840.5001   69915 2024-07-01 04:00:00      855.620     799.4422     -0.005082
2024-07-02  1311641.0  855.2378  845.690  859.36  860.360000  843.0800   63537 2024-07-02 04:00:00      854.765     802.4392      0.016188
2024-07-03   796509.0  860.0866  855.000  862.66  863.520000  855.0000   45446 2024-07-03 04:00:00      853.956     805.3832      0.003840
2024-07-05  2595896.0  881.6045  864.560  885.67  886.940000  858.7200   88273 2024-07-05 04:00:00      856.279     808.6430      0.026673
2024-07-08  1506557.0  880.6401  886.790  880.84  887.950000  877.6600   82456 2024-07-08 04:00:00      859.532     811.7820     -0.005453
2024-07-09  1339023.0  888.9721  883.850  886.85  896.670000  882.9650   72484 2024-07-09 04:00:00      863.401     815.0818      0.006823
2024-07-10  1721896.0  887.2775  887.400  884.31  890.270000  880.7000   84935 2024-07-10 04:00:00      866.281     818.1844     -0.002864
2024-07-11  5943261.0  857.8697  890.760  846.59  890.760000  846.5200  233483 2024-07-11 04:00:00      865.256     820.5896     -0.042655
2024-07-12  3242407.0  844.3012  849.890  842.90  850.000000  838.3800  148392 2024-07-12 04:00:00      864.484     822.9896     -0.004359
2024-07-15  2047335.0  850.5015  846.860  848.73  857.899900  844.6700   98322 2024-07-15 04:00:00      864.358     825.5198      0.006917
2024-07-16  1647968.0  846.2747  847.800  850.77  851.235000  841.3400  103357 2024-07-16 04:00:00      864.868     827.8864      0.002404
2024-07-17  1739059.0  846.9438  848.010  846.28  849.950000  842.6500   87800 2024-07-17 04:00:00      863.560     829.9340     -0.005278
2024-07-18  2293856.0  838.6267  849.430  839.37  855.300000  825.1100  120379 2024-07-18 04:00:00      861.231     831.5924     -0.008165
2024-07-19  1911802.0  839.7266  836.510  838.13  848.880000  835.5600   68676 2024-07-19 04:00:00      856.477     832.9288     -0.001477
2024-07-22  1876370.0  845.4974  845.750  847.42  849.590000  838.6000   97407 2024-07-22 04:00:00      853.135     834.6090      0.011084
2024-07-23  1425319.0  851.1091  848.900  852.11  854.579900  845.5786   64983 2024-07-23 04:00:00      849.661     836.0704      0.005534
2024-07-24  2031595.0  833.9797  844.600  830.82  846.000000  829.5000   89898 2024-07-24 04:00:00      844.312     836.9430     -0.024985
2024-07-25  1905465.0  823.5348  835.790  815.95  836.650000  814.2800   89534 2024-07-25 04:00:00      841.248     837.7590     -0.017898
2024-07-26  1386972.0  816.5916  818.000  817.60  822.280000  809.0100   66864 2024-07-26 04:00:00      838.718     838.5530      0.002022
2024-07-29  1303124.0  817.3392  822.560  815.56  823.740000  814.0900   57422 2024-07-29 04:00:00      835.401     839.1234     -0.002495
2024-07-30  1830613.0  811.2157  818.000  810.03  822.000000  803.2800   68954 2024-07-30 04:00:00      831.327     839.4626     -0.006781
2024-07-31  2043145.0  819.8633  820.420  822.00  825.480000  811.2700   70667 2024-07-31 04:00:00      828.899     839.9864      0.014777
2024-08-01  1724549.0  815.6941  818.550  816.89  824.170000  809.6800   71489 2024-08-01 04:00:00      826.651     840.4642     -0.006217
2024-08-02  2399569.0  818.9031  816.200  822.08  830.285000  805.0101   87384 2024-08-02 04:00:00      825.046     840.8872      0.006353
2024-08-05  2780228.0  801.3662  798.000  801.83  810.820000  793.0000  121720 2024-08-05 04:00:00      820.487     840.8866     -0.024633
2024-08-06  2399622.0  821.6756  805.060  816.88  833.090000  805.0600   86149 2024-08-06 04:00:00      816.964     841.2974      0.018770
2024-08-07  1591950.0  818.5103  824.110  810.30  833.830000  809.2600   66187 2024-08-07 04:00:00      814.912     841.3088     -0.008055
2024-08-08  2280716.0  836.4939  821.500  839.43  842.760000  820.4500   82109 2024-08-08 04:00:00      817.260     841.8340      0.035950
2024-08-09  1634399.0  851.1367  838.500  854.93  857.771000  837.6300   73950 2024-08-09 04:00:00      820.993     842.8022      0.018465
2024-08-12  1729457.0  863.2664  857.250  863.57  870.250000  852.4000   75543 2024-08-12 04:00:00      825.794     843.7668      0.010106
2024-08-13  1469213.0  862.2065  864.920  864.82  868.050000  856.1600   67182 2024-08-13 04:00:00      831.273     844.8654      0.001447
2024-08-14  1262211.0  862.8363  864.870  862.71  866.732700  858.5000   51179 2024-08-14 04:00:00      835.344     845.8118     -0.002440
2024-08-15  1875606.0  875.3612  872.870  877.35  880.325000  869.0000   70558 2024-08-15 04:00:00      841.390     846.8110      0.016970
2024-08-16  1335327.0  871.9134  877.350  870.59  877.350000  868.6200   56375 2024-08-16 04:00:00      846.241     847.5368     -0.007705
2024-08-19  1242140.0  871.2302  870.590  872.35  873.630000  868.7000   54801 2024-08-19 04:00:00      853.293     848.1310      0.002022
2024-08-20  1018372.0  875.2189  872.000  876.20  876.755000  871.1700   48916 2024-08-20 04:00:00      859.225     848.7434      0.004413
2024-08-21  1408584.0  882.6830  880.740  881.42  891.120000  877.2200   63424 2024-08-21 04:00:00      866.337     849.4050      0.005958
2024-08-22  1105478.0  878.0492  882.300  877.56  884.000000  873.1800   50985 2024-08-22 04:00:00      870.150     849.9700     -0.004379
2024-08-23  1254048.0  878.5927  882.490  879.21  884.556000  871.6684   52066 2024-08-23 04:00:00      872.578     850.5980      0.001880
2024-08-26  1443470.0  889.6197  883.170  892.51  893.249900  881.4411   61778 2024-08-26 04:00:00      875.472     851.5290      0.015127
2024-08-27  2061447.0  906.4232  892.690  908.90  918.928000  887.0700   85561 2024-08-27 04:00:00      879.880     852.5936      0.018364
2024-08-28  1617715.0  892.6142  910.960  888.05  912.220000  881.6550   82881 2024-08-28 04:00:00      882.414     852.9964     -0.022940
2024-08-29  1673882.0  890.2967  891.000  886.63  900.460000  885.1700   66745 2024-08-29 04:00:00      883.342     853.3140     -0.001599
2024-08-30  1860080.0  891.2942  890.500  892.38  896.329900  883.1000   60638 2024-08-30 04:00:00      885.521     853.9128      0.006485
2024-09-03  1748124.0  882.4671  896.680  878.57  896.890000  874.4400   82607 2024-09-03 04:00:00      886.143     854.5180     -0.015475
2024-09-04  1385547.0  885.2460  877.450  890.02  891.755000  876.5866   63786 2024-09-04 04:00:00      887.525     855.3552      0.013033
2024-09-05  1969089.0  880.3519  888.630  885.98  888.630000  868.7000   78795 2024-09-05 04:00:00      887.981     855.9646     -0.004539
2024-09-06  2029183.0  877.5590  891.261  876.68  893.200000  871.0000   76121 2024-09-06 04:00:00      887.893     856.3614     -0.010497
2024-09-09  1900899.0  893.5604  884.740  896.49  898.831592  881.7000   72439 2024-09-09 04:00:00      889.621     857.2788      0.022597
2024-09-10  1312548.0  894.2626  892.600  894.29  900.690000  887.5201   57539 2024-09-10 04:00:00      889.799     858.1648     -0.002454
2024-09-11  1723559.0  894.4364  895.000  900.40  902.000000  877.8700   68049 2024-09-11 04:00:00      888.949     859.2594      0.006832
2024-09-12  1656591.0  911.0982  900.420  915.03  915.700000  896.5100   71592 2024-09-12 04:00:00      891.647     860.3728      0.016248
2024-09-13  1319117.0  917.3999  913.630  916.00  923.829900  909.3600   64271 2024-09-13 04:00:00      894.584     861.4396      0.001060
2024-09-16  1622795.0  910.1862  922.000  907.87  922.630000  905.3500   74506 2024-09-16 04:00:00      896.133     861.8836     -0.008876
2024-09-17  1345367.0  900.0511  908.430  897.27  908.600000  895.4500   66833 2024-09-17 04:00:00      898.003     862.2122     -0.011676
2024-09-18  1318878.0  895.4659  899.940  892.52  904.980000  890.9497   60668 2024-09-18 04:00:00      898.253     862.3256     -0.005294
2024-09-19  1720359.0  901.0676  904.260  900.74  905.130000  895.5001   67164 2024-09-19 04:00:00      899.729     862.6542      0.009210
2024-09-20  4408142.0  905.1187  901.570  906.98  907.807300  895.7000   63373 2024-09-20 04:00:00      902.759     863.8620      0.006928
2024-09-23  1677817.0  915.1104  906.980  917.08  919.500000  900.7800   69633 2024-09-23 04:00:00      904.818     865.3456      0.011136
2024-09-24  2383020.0  902.9495  912.010  901.54  912.770000  897.5300  100891 2024-09-24 04:00:00      905.543     866.4018     -0.016945
2024-09-25  1533003.0  907.2152  903.000  908.42  910.360000  901.1250   64078 2024-09-25 04:00:00      906.345     867.5548      0.007631
2024-09-26  2685396.0  901.2287  905.300  901.44  909.239900  898.1300  113693 2024-09-26 04:00:00      904.986     868.6580     -0.007684
2024-09-27  3379675.0  884.1878  893.260  885.62  893.490000  874.0000  150409 2024-09-27 04:00:00      901.948     869.5830     -0.017550
2024-09-30  2068182.0  891.0739  891.370  886.52  910.000000  881.4100   88201 2024-09-30 04:00:00      899.813     870.5508      0.001016
2024-10-01  1761947.0  877.2903  885.250  877.38  886.990000  872.7500   94006 2024-10-01 04:00:00      897.824     871.1500     -0.010310
2024-10-02  1260969.0  876.7707  874.650  878.53  881.230000  867.1600   64882 2024-10-02 04:00:00      896.425     871.6784      0.001311
2024-10-03  1430968.0  875.8270  874.440  875.67  881.180000  872.6650   64176 2024-10-03 04:00:00      893.918     872.5754     -0.003255
2024-10-04  1473354.0  881.5974  877.990  883.11  884.290000  875.6700   66260 2024-10-04 04:00:00      891.531     873.9186      0.008496
2024-10-07  1688890.0  877.9275  881.600  873.59  887.710000  872.3264   78887 2024-10-07 04:00:00      887.182     875.0384     -0.010780
2024-10-08  1428136.0  886.6395  876.700  890.42  891.305000  876.7000   64644 2024-10-08 04:00:00      886.070     876.5356      0.019265
2024-10-09  1936465.0  904.1468  892.240  909.10  910.000000  887.8700   85077 2024-10-09 04:00:00      886.138     878.5170      0.020979
2024-10-10  1640612.0  896.2822  910.000  893.63  910.000000  891.8400   84948 2024-10-10 04:00:00      885.357     879.9496     -0.017017
2024-10-11  1408237.0  889.5086  894.500  889.03  894.500000  885.5001   68420 2024-10-11 04:00:00      885.698     881.3924     -0.005148
2024-10-14  1281246.0  889.9305  892.450  889.76  895.171600  886.2600   59854 2024-10-14 04:00:00      886.022     882.7460      0.000821
2024-10-15  1439093.0  894.9430  892.090  894.61  900.650000  889.5500   64220 2024-10-15 04:00:00      887.745     884.6016      0.005451
2024-10-16  1458830.0  886.1843  889.920  887.38  891.325000  879.5001   74399 2024-10-16 04:00:00      888.630     886.0116     -0.008082
2024-10-17  1249756.0  886.1107  891.555  885.29  895.330000  882.8000   60579 2024-10-17 04:00:00      889.592     887.5114     -0.002355
2024-10-18  1457389.0  888.0980  885.760  889.56  890.610000  883.7500   52964 2024-10-18 04:00:00      890.237     888.5140      0.004823
2024-10-21  1077527.0  887.4055  889.000  886.77  891.400000  883.7000   51027 2024-10-21 04:00:00      891.555     889.1508     -0.003136
2024-10-22  1153353.0  891.0062  890.980  893.49  894.890000  884.3100   51213 2024-10-22 04:00:00      891.862     889.7492      0.007578
2024-10-23  2153221.0  899.2142  896.020  899.17  905.680000  894.9900   76112 2024-10-23 04:00:00      890.869     890.4362      0.006357
2024-10-24  1599002.0  894.1298  901.500  893.42  903.500000  888.2600   59729 2024-10-24 04:00:00      890.848     891.0504     -0.006395
2024-10-25  1281977.0  894.9117  895.650  891.22  901.619100  890.0000   60468 2024-10-25 04:00:00      891.067     891.3278     -0.002462
2024-10-28   863297.0  892.1433  895.990  890.96  895.990000  890.0000   47586 2024-10-28 04:00:00      891.187     891.7352     -0.000292
2024-10-29  1323863.0  885.7797  890.000  886.99  891.170000  874.0900   66696 2024-10-29 04:00:00      890.425     892.0280     -0.004456
2024-10-30  1345799.0  881.1858  886.380  879.09  886.569900  877.3700   67615 2024-10-30 04:00:00      889.596     892.0858     -0.008907
2024-10-31  1697342.0  873.5046  877.200  874.18  877.650000  868.6500   81663 2024-10-31 04:00:00      888.485     891.9410     -0.005585
2024-11-01  1524726.0  875.7405  874.270  877.31  879.410800  867.3401   71759 2024-11-01 04:00:00      887.260     891.9360      0.003580
2024-11-04  1498896.0  883.9718  881.340  886.07  887.000000  876.7300   65049 2024-11-04 05:00:00      887.190     892.0732      0.009985
2024-11-05  1432783.0  889.8873  888.000  890.17  895.580000  886.7975   58049 2024-11-05 05:00:00      886.858     892.0264      0.004627
2024-11-06  2224171.0  894.6796  898.280  899.25  899.900000  886.2800   94940 2024-11-06 05:00:00      886.866     891.8334      0.010200
2024-11-07  2105636.0  912.8625  898.620  913.93  919.480000  894.3700   93213 2024-11-07 05:00:00      888.917     892.3510      0.016325
2024-11-08  3075577.0  941.7327  914.000  943.80  962.000000  913.7500  132552 2024-11-08 05:00:00      894.175     893.4944      0.032683
2024-11-11  1776370.0  937.7330  943.800  932.88  951.280000  931.4350   82263 2024-11-11 05:00:00      898.367     894.3044     -0.011570
2024-11-12  1580845.0  933.3968  935.950  932.38  939.560000  927.0000   68717 2024-11-12 05:00:00      902.906     895.3806     -0.000536
2024-11-13  1666495.0  932.5387  930.000  933.73  937.589900  923.2000   63972 2024-11-13 05:00:00      908.370     896.2548      0.001448
2024-11-14  1603353.0  925.6209  927.000  923.89  931.150000  922.1715   64740 2024-11-14 05:00:00      913.341     897.0130     -0.010538
2024-11-15  2167113.0  910.4972  917.740  907.07  920.549900  905.5613   78898 2024-11-15 05:00:00      916.317     897.6208     -0.018206
2024-11-18  1507935.0  919.4588  910.640  919.51  925.940000  907.1069   65945 2024-11-18 05:00:00      919.661     898.0812      0.013714
2024-11-19  1402954.0  927.4488  928.000  930.15  934.000000  916.3600   63319 2024-11-19 05:00:00      923.659     898.7984      0.011571
2024-11-20  1271509.0  924.4056  925.080  928.08  928.800000  916.5000   62289 2024-11-20 05:00:00      926.542     899.3520     -0.002225
2024-11-21  2143200.0  949.3921  935.000  955.65  958.489900  930.0000   90626 2024-11-21 05:00:00      930.714     900.1644      0.029706
2024-11-22  1954781.0  964.6186  962.740  964.01  976.300000  958.5201   87047 2024-11-22 05:00:00      932.735     901.1246      0.008748
2024-11-25  2571934.0  958.5225  975.000  960.89  975.000000  949.6900   85819 2024-11-25 05:00:00      935.536     902.1850     -0.003236
2024-11-26  1344122.0  968.8258  964.000  971.50  974.370000  960.8900   62594 2024-11-26 05:00:00      939.448     903.6696      0.011042
2024-11-27  1446221.0  963.7348  971.460  961.55  972.290000  958.5900   61703 2024-11-27 05:00:00      942.230     905.0502     -0.010242
2024-11-29  1017561.0  969.2945  968.090  971.88  973.270000  962.2500   42155 2024-11-29 05:00:00      947.029     906.4730      0.010743
2024-12-02  1847991.0  971.6615  971.360  975.00  976.500000  964.7600   78174 2024-12-02 05:00:00      953.822     907.8334      0.003210
2024-12-03  1550239.0  978.3759  974.690  982.15  983.000000  970.7600   62680 2024-12-03 05:00:00      960.086     909.1348      0.007333
2024-12-04  1703316.0  987.1509  982.000  990.92  991.150000  977.5500   69282 2024-12-04 05:00:00      966.163     910.9224      0.008929
2024-12-05  2019381.0  984.2055  986.660  982.26  990.130000  978.2000   76605 2024-12-05 05:00:00      971.581     912.3992     -0.008739
2024-12-06  1700223.0  992.8701  982.260  992.61  997.706800  982.2600   71923 2024-12-06 05:00:00      975.277     914.2226      0.010537
2024-12-09  1641329.0  986.1868  997.010  987.86  997.010000  980.5000   82699 2024-12-09 05:00:00      977.662     916.2674     -0.004785