                v_CSCO       vw  o_CSCO  c_CSCO   h_CSCO   l_CSCO       n                 t_a  CSCO_SMA_10  CSCO_SMA_50  CSCO_Returns
t                                                                                                                                    
2023-12-11  25618936.0  49.2633  48.940   49.39  49.4400  48.8500  159813 2023-12-11 05:00:00       48.246      51.3755      0.020876
2023-12-12  18712241.0  49.3214  49.580   49.33  49.5900  49.1050  133043 2023-12-12 05:00:00       48.394      51.2743     -0.001215
2023-12-13  18689173.0  49.3972  49.240   49.69  49.7000  48.8100  124663 2023-12-13 05:00:00       48.558      51.1951      0.007298
2023-12-14  28418721.0  49.4926  50.000   49.44  50.0125  49.1700  179625 2023-12-14 05:00:00       48.664      51.1149     -0.005031
2023-12-15  58860122.0  49.7818  49.485   49.87  49.9300  49.4300  154767 2023-12-15 05:00:00       48.804      51.0509      0.008697
2023-12-18  20453075.0  50.0531  49.920   50.24  50.2950  49.3950  120996 2023-12-18 05:00:00       49.023      50.9867      0.007419
2023-12-19  17035818.0  50.1082  50.365   50.18  50.4600  49.8350  104959 2023-12-19 05:00:00       49.248      50.9119     -0.001194
2023-12-20  17812182.0  49.9998  50.120   49.80  50.3300  49.7900  109443 2023-12-20 05:00:00       49.458      50.8305     -0.007573
2023-12-21  18772276.0  49.6471  49.930   49.70  49.9800  49.3800  120291 2023-12-21 05:00:00       49.602      50.7513     -0.002008
2023-12-22  12903828.0  50.1537  49.840   50.09  50.3900  49.8400   89610 2023-12-22 05:00:00       49.773      50.6761      0.007847
2023-12-26   9721186.0  50.2482  50.110   50.28  50.4000  50.0500   65810 2023-12-26 05:00:00       49.862      50.6063      0.003793
2023-12-27  10414329.0  50.4169  50.300   50.44  50.5600  50.2800   79884 2023-12-27 05:00:00       49.973      50.5319      0.003182
2023-12-28   8549909.0  50.4848  50.580   50.48  50.6300  50.4200   67086 2023-12-28 05:00:00       50.052      50.4627      0.000793
2023-12-29  12492881.0  50.4581  50.450   50.52  50.5850  50.2200   85711 2023-12-29 05:00:00       50.160      50.3977      0.000792
2024-01-02  20242939.0  50.5227  50.490   50.51  50.8600  50.2500  125894 2024-01-02 05:00:00       50.224      50.3415     -0.000198
2024-01-03  20303875.0  50.4346  50.170   50.51  50.6800  49.9410  130034 2024-01-03 05:00:00       50.251      50.2931      0.000000
2024-01-04  18134121.0  50.1657  50.440   50.08  50.5100  49.9900  110786 2024-01-04 05:00:00       50.241      50.2507     -0.008513
2024-01-05  13989287.0  50.1060  50.180   50.09  50.3650  49.8650   91876 2024-01-05 05:00:00       50.270      50.1923      0.000200
2024-01-08  18070293.0  50.3657  49.750   50.46  50.5000  49.6900   99585 2024-01-08 05:00:00       50.346      50.1535      0.007387
2024-01-09  20489210.0  49.7876  49.960   49.91  50.0350  49.4300  150015 2024-01-09 05:00:00       50.328      50.1243     -0.010900
2024-01-10  15174185.0  50.0971  50.000   50.24  50.3200  49.8200  109331 2024-01-10 05:00:00       50.324      50.0979      0.006612
2024-01-11  16458252.0  50.3352  50.450   50.44  50.5000  50.0400  108357 2024-01-11 05:00:00       50.324      50.0753      0.003981
2024-01-12  18785708.0  50.4687  50.500   50.34  50.8150  50.2950  108244 2024-01-12 05:00:00       50.310      50.0395     -0.001983
2024-01-16  17015925.0  50.4687  50.250   50.59  50.5900  50.0700  120961 2024-01-16 05:00:00       50.317      50.0075      0.004966
2024-01-17  17370635.0  50.1874  50.240   50.30  50.4300  49.9100   97615 2024-01-17 05:00:00       50.296      49.9585     -0.005732
2024-01-18  18487542.0  50.6766  50.300   50.75  50.8000  50.2800  105455 2024-01-18 05:00:00       50.320      49.9133      0.008946
2024-01-19  23015258.0  51.1941  50.750   51.27  51.3850  50.7300  125029 2024-01-19 05:00:00       50.439      49.8729      0.010246
2024-01-22  20298721.0  51.5628  51.550   51.57  51.7800  51.4100   98322 2024-01-22 05:00:00       50.587      49.8417      0.005851
2024-01-23  15044327.0  51.6825  51.390   51.76  51.8200  51.3000   95954 2024-01-23 05:00:00       50.717      49.8169      0.003684
2024-01-24  19458515.0  51.4077  52.000   51.31  52.0000  51.2050  121605 2024-01-24 05:00:00       50.857      49.8031     -0.008694
2024-01-25  18936642.0  52.2403  51.750   52.33  52.5600  51.7500  129079 2024-01-25 05:00:00       51.066      49.7979      0.019879
2024-01-26  13160315.0  52.2290  52.420   52.14  52.6200  51.9900   91999 2024-01-26 05:00:00       51.236      49.7961     -0.003631
2024-01-29  13492409.0  52.1859  51.842   52.29  52.3850  51.8300   82737 2024-01-29 05:00:00       51.431      49.7785      0.002877
2024-01-30  14322137.0  52.1738  52.300   52.24  52.4150  51.9950   91163 2024-01-30 05:00:00       51.596      49.7577     -0.000956
2024-01-31  29311787.0  50.4774  51.850   50.18  51.9400  50.0700  170189 2024-01-31 05:00:00       51.584      49.8005     -0.039433
2024-02-01  20635673.0  50.1600  50.230   50.18  50.4600  49.8200  137809 2024-02-01 05:00:00       51.527      49.8490      0.000000
2024-02-02  20533102.0  50.0872  50.140   50.18  50.3800  49.6150  127113 2024-02-02 05:00:00       51.418      49.8872      0.000000
2024-02-05  19601985.0  49.4890  49.940   49.51  50.1500  49.2600  130958 2024-02-05 05:00:00       51.212      49.9214     -0.013352
2024-02-06  19265797.0  50.1196  50.310   49.98  50.6100  49.7850  132869 2024-02-06 05:00:00       51.034      49.9594      0.009493
2024-02-07  16617564.0  49.7743  50.300   49.77  50.3500  49.4600  116365 2024-02-07 05:00:00       50.880      49.9876     -0.004202
2024-02-08  19598985.0  49.8545  49.900   49.95  49.9900  49.5500  122779 2024-02-08 05:00:00       50.642      50.0280      0.003617
2024-02-09  24076857.0  50.0806  49.930   50.13  50.2600  49.6300  148812 2024-02-09 05:00:00       50.441      50.0736      0.003604
2024-02-12  19046333.0  49.9608  50.030   49.99  50.2000  49.5250  124802 2024-02-12 05:00:00       50.211      50.1124     -0.002793
2024-02-13  23633712.0  49.4488  49.620   49.64  49.9400  49.1400  159218 2024-02-13 05:00:00       49.951      50.1376     -0.007001
2024-02-14  31172842.0  49.8209  49.570   50.28  50.3400  49.5518  210539 2024-02-14 05:00:00       49.961      50.1738      0.012893
2024-02-15  42766544.0  49.0787  48.255   49.06  49.6850  48.1900  278602 2024-02-15 05:00:00       49.849      50.1940     -0.024264
2024-02-16  24912312.0  48.6395  48.750   48.44  49.0750  48.3900  149455 2024-02-16 05:00:00       49.675      50.2042     -0.012638
2024-02-20  26402463.0  48.2690  47.970   48.28  48.4700  47.8500  133940 2024-02-20 05:00:00       49.552      50.2158     -0.003303
2024-02-21  15999174.0  48.3194  48.450   48.48  48.5200  47.9000  112369 2024-02-21 05:00:00       49.402      50.2202      0.004143
2024-02-22  22020346.0  48.5284  48.270   48.57  48.7000  48.1540  133191 2024-02-22 05:00:00       49.282      50.2240      0.001856
2024-02-23  13141857.0  48.9260  48.620   48.86  49.1400  48.5000   91615 2024-02-23 05:00:00       49.173      50.2134      0.005971
2024-02-26  13018741.0  48.5246  48.850   48.40  48.9000  48.3600   85948 2024-02-26 05:00:00       49.000      50.1948     -0.009415
2024-02-27  12515381.0  48.2325  48.150   48.31  48.4500  48.0200   84511 2024-02-27 05:00:00       48.832      50.1672     -0.001860
2024-02-28  14635130.0  48.1869  48.200   48.06  48.4800  48.0100   96219 2024-02-28 05:00:00       48.674      50.1396     -0.005175
2024-02-29  22962460.0  48.3539  48.190   48.37  48.4800  48.1300   90815 2024-02-29 05:00:00       48.483      50.1096      0.006450
2024-03-01  18508070.0  48.1806  48.110   48.40  48.4200  47.6600  114203 2024-03-01 05:00:00       48.417      50.0728      0.000620
2024-03-04  25214521.0  49.0906  48.370   49.13  49.4650  48.2250  140608 2024-03-04 05:00:00       48.486      50.0518      0.015083
2024-03-05  18101297.0  48.8887  49.040   48.95  49.0700  48.5700  113174 2024-03-05 05:00:00       48.553      50.0348     -0.003664
2024-03-06  20903553.0  49.1611  48.980   49.17  49.4050  48.9650  104747 2024-03-06 05:00:00       48.622      50.0242      0.004494
2024-03-07  21224701.0  48.9937  49.440   48.90  49.4800  48.8250  106384 2024-03-07 05:00:00       48.655      50.0004     -0.005491
2024-03-08  19316209.0  49.4648  48.870   49.50  49.7800  48.8500  117291 2024-03-08 05:00:00       48.719      49.9848      0.012270
2024-03-11  17715074.0  50.0858  49.720   50.22  50.3000  49.5800  118701 2024-03-11 04:00:00       48.901      49.9804      0.014545
2024-03-12  17590415.0  50.1082  50.544   50.07  50.5500  49.8850  107972 2024-03-12 04:00:00       49.077      49.9722     -0.002987
2024-03-13  16669863.0  50.0341  50.030   50.11  50.1500  49.8250  111603 2024-03-13 04:00:00       49.282      49.9640      0.000799
2024-03-14  17239397.0  49.8035  50.270   49.79  50.3450  49.6000  113595 2024-03-14 04:00:00       49.424      49.9496     -0.006386
2024-03-15  57049238.0  49.1090  49.790   48.93  49.9600  48.9040  137389 2024-03-15 04:00:00       49.477      49.9180     -0.017273
2024-03-18  17406899.0  49.3482  49.220   49.27  49.6600  48.9800  105766 2024-03-18 04:00:00       49.491      49.9018      0.006949
2024-03-19  19601131.0  49.2513  49.120   49.14  49.5950  48.9700  106381 2024-03-19 04:00:00       49.510      49.8828     -0.002639
2024-03-20  18554114.0  49.3337  49.040   49.55  49.5800  48.9400  108684 2024-03-20 04:00:00       49.548      49.8646      0.008344
2024-03-21  26102850.0  49.8726  49.710   49.88  50.1900  49.5600  100702 2024-03-21 04:00:00       49.646      49.8640      0.006660
2024-03-22  15022861.0  49.8259  50.050   49.78  50.1000  49.7200   75701 2024-03-22 04:00:00       49.674      49.8548     -0.002005
2024-03-25  16191164.0  49.6394  49.560   49.68  49.7600  49.2900   73081 2024-03-25 04:00:00       49.620      49.8396     -0.002009
2024-03-26  13842923.0  49.5890  49.550   49.55  49.8100  49.4800   74046 2024-03-26 04:00:00       49.568      49.8238     -0.002617
2024-03-27  17230958.0  49.6905  49.770   49.77  49.9000  49.4100   90311 2024-03-27 04:00:00       49.534      49.8074      0.004440
2024-03-28  18139735.0  49.9547  49.890   49.91  50.1950  49.8100   89560 2024-03-28 04:00:00       49.546      49.7996      0.002813
2024-04-01  15138079.0  50.0379  49.960   50.04  50.2000  49.8650   92846 2024-04-01 04:00:00       49.657      49.7854      0.002605
2024-04-02  16414408.0  49.3860  49.960   49.36  50.0900  49.1450   93252 2024-04-02 04:00:00       49.666      49.7472     -0.013589
2024-04-03  22210022.0  48.8220  48.800   48.74  49.2200  48.6600   97868 2024-04-03 04:00:00       49.626      49.6906     -0.012561
2024-04-04  17373966.0  48.5570  49.090   48.11  49.5500  48.0431   99936 2024-04-04 04:00:00       49.482      49.6176     -0.012926
2024-04-05  18661294.0  48.4750  47.960   48.55  48.6700  47.8900  121297 2024-04-05 04:00:00       49.349      49.5624      0.009146
2024-04-08  15375698.0  48.3565  48.190   48.24  48.6600  48.1600   84618 2024-04-08 04:00:00       49.195      49.4806     -0.006385
2024-04-09  26697099.0  49.6970  48.840   50.01  50.2000  48.5150  161838 2024-04-09 04:00:00       49.228      49.4380      0.036692
2024-04-10  20026353.0  49.1274  49.730   49.21  49.7700  48.8100  143819 2024-04-10 04:00:00       49.194      49.3764     -0.015997
2024-04-11  15703887.0  49.3888  49.320   49.53  49.5900  49.0000  100022 2024-04-11 04:00:00       49.170      49.3222      0.006503
2024-04-12  16418052.0  48.6965  49.210   48.49  49.2300  48.4400  107435 2024-04-12 04:00:00       49.028      49.2884     -0.020997
2024-04-15  19370543.0  48.6348  49.720   48.24  49.7900  48.2000  127654 2024-04-15 04:00:00       48.848      49.2496     -0.005156
2024-04-16  13647855.0  48.0533  48.470   47.92  48.5100  47.8400  101543 2024-04-16 04:00:00       48.704      49.2044     -0.006633
2024-04-17  13858518.0  47.8780  48.000   47.79  48.2800  47.7101   87210 2024-04-17 04:00:00       48.609      49.1700     -0.002713
2024-04-18  12354116.0  48.0941  48.410   48.11  48.4100  47.8800   94183 2024-04-18 04:00:00       48.609      49.1326      0.006696
2024-04-19  19073929.0  48.2884  48.390   48.32  48.4300  48.0300  106694 2024-04-19 04:00:00       48.586      49.1036      0.004365
2024-04-22  16327091.0  48.2339  48.490   48.14  48.5900  48.0000  100286 2024-04-22 04:00:00       48.576      49.0674     -0.003725
2024-04-23  14827438.0  48.3222  48.140   48.32  48.4600  48.0550   93479 2024-04-23 04:00:00       48.407      49.0312      0.003739
2024-04-24  13568056.0  48.1979  48.050   48.35  48.3800  47.9200   96281 2024-04-24 04:00:00       48.321      48.9984      0.000621
2024-04-25  17597405.0  48.1434  48.780   48.10  48.9300  47.8500  106627 2024-04-25 04:00:00       48.178      48.9676     -0.005171
2024-04-26  14120638.0  47.9184  47.640   47.86  48.2800  47.6100   87217 2024-04-26 04:00:00       48.115      48.9192     -0.004990
2024-04-29  10727973.0  47.8573  47.990   47.78  48.3100  47.5800   78955 2024-04-29 04:00:00       48.069      48.8936     -0.001672
2024-04-30  17828591.0  47.1110  47.610   46.98  47.6900  46.9700   99004 2024-04-30 04:00:00       47.975      48.8644     -0.016743
2024-05-01  16502477.0  47.0600  46.700   46.84  47.5700  46.6810  101143 2024-05-01 04:00:00       47.880      48.8356     -0.002980
2024-05-02  14735540.0  46.7864  47.030   46.79  47.1200  46.6000   95400 2024-05-02 04:00:00       47.748      48.8018     -0.001067
2024-05-03  16621517.0  47.1040  47.100   47.12  47.4000  46.8400   88122 2024-05-03 04:00:00       47.628      48.7728      0.007053
2024-05-06  13923459.0  47.1301  47.220   47.11  47.4350  46.9700   83675 2024-05-06 04:00:00       47.525      48.7378     -0.000212
2024-05-07  13830639.0  47.2390  47.210   47.28  47.4600  47.0050   94398 2024-05-07 04:00:00       47.421      48.7154      0.003609
2024-05-08  14705807.0  47.9252  47.440   48.00  48.1400  47.2500   94188 2024-05-08 04:00:00       47.386      48.7092      0.015228
2024-05-09  12063581.0  47.8189  48.000   47.79  48.0900  47.6500   72397 2024-05-09 04:00:00       47.355      48.7038     -0.004375
2024-05-10  11694453.0  47.9561  48.000   48.06  48.1000  47.7000   74525 2024-05-10 04:00:00       47.375      48.6976      0.005650
2024-05-13  14607007.0  48.6440  48.310   48.68  48.8200  48.2300  102202 2024-05-13 04:00:00       47.465      48.7032      0.012901
2024-05-14  17020971.0  48.7492  48.980   48.95  49.1800  48.3500  107420 2024-05-14 04:00:00       47.662      48.6996      0.005546
2024-05-15  35231242.0  49.8884  49.190   49.67  49.7250  48.7300  193311 2024-05-15 04:00:00       47.945      48.7140      0.014709
2024-05-16  47368946.0  48.6856  50.080   48.34  50.1100  48.1650  257068 2024-05-16 04:00:00       48.100      48.6974     -0.026777
2024-05-17  21700486.0  48.2269  48.260   48.17  48.5600  48.1050  113388 2024-05-17 04:00:00       48.205      48.6828     -0.003517
2024-05-20  21863803.0  47.3119  48.000   47.13  48.0700  47.0100  130429 2024-05-20 04:00:00       48.207      48.6354     -0.021590
2024-05-21  24718833.0  46.8943  47.120   46.94  47.1500  46.6100  121713 2024-05-21 04:00:00       48.173      48.5698     -0.004031
2024-05-22  19715876.0  47.4386  47.100   47.43  47.8350  47.0350  109430 2024-05-22 04:00:00       48.116      48.5170      0.010439
2024-05-23  17185527.0  46.7591  47.150   46.60  47.1900  46.5100  112897 2024-05-23 04:00:00       47.997      48.4468     -0.017499
2024-05-24  11598648.0  46.5406  46.630   46.42  46.7950  46.3800   81642 2024-05-24 04:00:00       47.833      48.3794     -0.003863
2024-05-28  17618618.0  46.3812  46.152   46.28  46.8850  45.9800  116621 2024-05-28 04:00:00       47.593      48.3264     -0.003016
2024-05-29  14915109.0  46.1071  45.900   46.08  46.3300  45.8500  100734 2024-05-29 04:00:00       47.306      48.2626     -0.004322
2024-05-30  19053456.0  46.2239  46.100   46.12  46.4600  46.0000  103943 2024-05-30 04:00:00       46.951      48.2022      0.000868
2024-05-31  37015079.0  46.4075  46.140   46.50  46.5700  46.0100  120855 2024-05-31 04:00:00       46.767      48.1412      0.008239
2024-06-03  21245567.0  46.5396  46.720   46.65  46.7700  46.2800  109404 2024-06-03 04:00:00       46.615      48.0766      0.003226
2024-06-04  22461886.0  47.2018  46.650   47.42  47.6000  46.5100  129114 2024-06-04 04:00:00       46.644      48.0294      0.016506
2024-06-05  28334215.0  46.0900  47.520   46.02  47.6300  45.6400  165259 2024-06-05 04:00:00       46.552      47.9562     -0.029523
2024-06-06  14761643.0  46.1827  45.940   46.23  46.3900  45.7800   98816 2024-06-06 04:00:00       46.432      47.8898      0.004563
2024-06-07  15276782.0  45.9995  45.954   45.84  46.2900  45.7900  100836 2024-06-07 04:00:00       46.356      47.8112     -0.008436
2024-06-10  12701636.0  45.6864  45.800   45.85  45.8600  45.2700   98286 2024-06-10 04:00:00       46.299      47.7300      0.000218
2024-06-11  16635568.0  45.6598  45.690   45.77  45.9300  45.3600  110750 2024-06-11 04:00:00       46.248      47.6446     -0.001745
2024-06-12  16438343.0  45.6118  45.990   45.62  46.0800  45.3900  122609 2024-06-12 04:00:00       46.202      47.5698     -0.003277
2024-06-13  15851572.0  45.4110  45.420   45.52  45.5500  45.1200  102597 2024-06-13 04:00:00       46.142      47.5054     -0.002192
2024-06-14  14529210.0  45.5029  45.320   45.68  45.7050  44.9700   99231 2024-06-14 04:00:00       46.060      47.4568      0.003515
2024-06-17  15965444.0  45.4388  45.400   45.69  45.7100  44.9500  115138 2024-06-17 04:00:00       45.964      47.3996      0.000219
2024-06-18  17184654.0  45.8277  45.500   45.97  45.9900  45.5000  104865 2024-06-18 04:00:00       45.819      47.3542      0.006128
2024-06-20  23455326.0  46.5491  45.910   46.72  46.8700  45.8600  149713 2024-06-20 04:00:00       45.889      47.2884      0.016315
2024-06-21  59769192.0  47.3397  47.100   47.29  47.8400  47.0500  177503 2024-06-21 04:00:00       45.995      47.2500      0.012200
2024-06-24  17246458.0  47.3433  47.490   47.28  47.7800  47.0150  122982 2024-06-24 04:00:00       46.139      47.2050     -0.000211
2024-06-25  14813003.0  47.4583  47.270   47.38  47.8200  46.9900  100429 2024-06-25 04:00:00       46.292      47.1828      0.002115
2024-06-26  12660530.0  47.0176  47.060   46.86  47.4100  46.8000   86488 2024-06-26 04:00:00       46.401      47.1552     -0.010975
2024-06-27  15892639.0  47.2644  46.780   47.45  47.5100  46.7700  101830 2024-06-27 04:00:00       46.584      47.1458      0.012591
2024-06-28  21820885.0  47.5492  47.550   47.51  47.8585  47.3400   92636 2024-06-28 04:00:00       46.783      47.1402      0.001264
2024-07-01  14367430.0  47.5505  47.480   47.52  47.8350  47.3500   86023 2024-07-01 04:00:00       46.967      47.1284      0.000210
2024-07-02  16827930.0  47.2619  47.400   47.28  47.7900  46.9600   82929 2024-07-02 04:00:00       47.126      47.1076     -0.005051
2024-07-03   7935877.0  47.2270  47.150   47.09  47.5200  47.0400   55375 2024-07-03 04:00:00       47.238      47.0866     -0.004019
2024-07-05  12643099.0  46.5829  46.430   46.65  46.7600  46.3050   80466 2024-07-05 04:00:00       47.231      47.0532     -0.009344
2024-07-08  16994960.0  46.1641  46.350   46.06  46.7800  45.9500  107079 2024-07-08 04:00:00       47.108      47.0074     -0.012647
2024-07-09  17103078.0  45.8513  46.000   45.80  46.1000  45.6500   96109 2024-07-09 04:00:00       46.960      46.9614     -0.005645
2024-07-10  17885682.0  46.0863  46.055   46.27  46.2900  45.8300   99697 2024-07-10 04:00:00       46.849      46.9296      0.010262
2024-07-11  18469027.0  46.7105  46.175   46.76  46.9095  46.1750  110514 2024-07-11 04:00:00       46.839      46.9092      0.010590
2024-07-12  20319906.0  47.4394  46.780   47.38  47.8550  46.6500  118862 2024-07-12 04:00:00       46.832      46.9172      0.013259
2024-07-15  14283763.0  47.2820  47.410   47.40  47.4850  46.7850  103520 2024-07-15 04:00:00       46.821      46.9284      0.000422
2024-07-16  16663956.0  47.4035  47.450   47.42  47.9650  47.2150   96969 2024-07-16 04:00:00       46.811      46.9410      0.000422
2024-07-17  25158110.0  48.3018  47.460   48.52  48.7400  47.3500  175155 2024-07-17 04:00:00       46.935      46.9690      0.023197
2024-07-18  17736574.0  48.2227  48.150   48.04  48.6400  47.9800  112897 2024-07-18 04:00:00       47.030      46.9876     -0.009893
2024-07-19  17212009.0  47.3970  48.090   47.32  48.1000  47.1400  102601 2024-07-19 04:00:00       47.097      46.9884     -0.014988
2024-07-22  19361579.0  46.9248  47.320   46.82  47.3800  46.7700  115056 2024-07-22 04:00:00       47.173      46.9648     -0.010566
2024-07-23  15278034.0  46.5219  46.745   46.36  46.7750  46.3400  105328 2024-07-23 04:00:00       47.229      46.9362     -0.009825
2024-07-24  24842500.0  46.7862  46.535   46.85  47.0350  46.2400  139796 2024-07-24 04:00:00       47.287      46.9120      0.010569
2024-07-25  19494606.0  47.5537  47.370   47.24  48.1850  47.0600  138088 2024-07-25 04:00:00       47.335      46.8832      0.008324
2024-07-26  13457392.0  47.7781  47.320   47.88  48.0100  47.2400   94384 2024-07-26 04:00:00       47.385      46.8618      0.013548
2024-07-29  11213916.0  47.9464  47.820   47.99  48.2100  47.4400   81755 2024-07-29 04:00:00       47.444      46.8282      0.002297
2024-07-30  17968028.0  48.1515  48.190   48.14  48.5500  47.8900  116402 2024-07-30 04:00:00       47.516      46.8242      0.003126
2024-07-31  18885453.0  48.5100  48.410   48.45  48.7700  48.2400  118539 2024-07-31 04:00:00       47.509      46.8298      0.006440
2024-08-01  17223908.0  47.5997  48.620   47.39  48.7200  47.2000  124143 2024-08-01 04:00:00       47.444      46.8350     -0.021878
2024-08-02  21549214.0  46.7386  47.680   46.66  47.7500  46.3500  137222 2024-08-02 04:00:00       47.378      46.8294     -0.015404
2024-08-05  28812806.0  45.0351  46.550   44.74  46.6800  44.6943  198956 2024-08-05 04:00:00       47.170      46.7756     -0.041149
2024-08-06  19322991.0  45.2969  44.750   45.16  45.7400  44.6400  125316 2024-08-06 04:00:00       47.050      46.7468      0.009388
2024-08-07  17279771.0  45.4587  45.420   45.12  46.2100  45.0900  117553 2024-08-07 04:00:00       46.877      46.7208     -0.000886
2024-08-08  17569198.0  45.8136  45.280   45.83  46.2650  45.2800  105501 2024-08-08 04:00:00       46.736      46.7118      0.015736
2024-08-09  20800002.0  45.5672  45.700   45.47  46.0550  45.2400  132766 2024-08-09 04:00:00       46.495      46.6996     -0.007855
2024-08-12  19919961.0  45.0574  45.530   44.86  45.7400  44.5000  143877 2024-08-12 04:00:00       46.182      46.6744     -0.013415
2024-08-13  20737847.0  45.2244  44.980   45.37  45.3850  44.8900  138908 2024-08-13 04:00:00       45.905      46.6518      0.011369
2024-08-14  30462260.0  45.8019  45.140   45.44  45.7400  45.0400  187616 2024-08-14 04:00:00       45.604      46.6276      0.001543
2024-08-15  45719160.0  48.9265  48.750   48.53  50.2800  48.1615  280473 2024-08-15 04:00:00       45.718      46.6498      0.068002
2024-08-16  26411580.0  49.4123  48.640   49.46  49.7300  48.5000  165983 2024-08-16 04:00:00       45.998      46.7186      0.019163
2024-08-19  15958364.0  49.6996  49.330   49.98  49.9900  49.3000  101205 2024-08-19 04:00:00       46.522      46.7936      0.010514
2024-08-20  17861648.0  50.1421  49.980   50.24  50.3700  49.5950  109128 2024-08-20 04:00:00       47.030      46.8816      0.005202
2024-08-21  18169625.0  50.3633  50.290   50.45  50.5500  50.0300  103899 2024-08-21 04:00:00       47.563      46.9736      0.004180
2024-08-22  17810181.0  50.4006  50.715   50.22  50.9300  50.1800  106683 2024-08-22 04:00:00       48.002      47.0626     -0.004559
2024-08-23  15502831.0  50.6578  50.510   50.74  50.7700  50.3200   86654 2024-08-23 04:00:00       48.529      47.1650      0.010354
2024-08-26   9904519.0  50.8364  50.790   50.79  51.0150  50.7242   79428 2024-08-26 04:00:00       49.122      47.2704      0.000985
2024-08-27   9700455.0  50.6872  50.670   50.71  50.8400  50.4000   72239 2024-08-27 04:00:00       49.656      47.3710     -0.001575
2024-08-28  13904600.0  49.8538  50.450   49.85  50.5700  49.4100  107310 2024-08-28 04:00:00       50.097      47.4542     -0.016959
2024-08-29  15807926.0  50.3758  49.970   50.39  50.8200  49.8800  116582 2024-08-29 04:00:00       50.283      47.5426      0.010832
2024-08-30  13432551.0  50.4655  50.550   50.54  50.6850  50.0700   83260 2024-08-30 04:00:00       50.391      47.6190      0.002977
2024-09-03  14564502.0  50.1240  50.310   50.06  50.5000  49.9000  106614 2024-09-03 04:00:00       50.399      47.6744     -0.009497
2024-09-04  13766599.0  49.7470  49.820   49.70  50.0400  49.5800   93247 2024-09-04 04:00:00       50.345      47.7228     -0.007191
2024-09-05  15397913.0  49.2364  49.500   49.13  49.6450  48.9350  103155 2024-09-05 04:00:00       50.213      47.7578     -0.011469
2024-09-06  19376785.0  48.5365  48.870   48.50  49.2300  48.2000  110607 2024-09-06 04:00:00       50.041      47.7906     -0.012823
2024-09-09  17381141.0  48.7465  48.470   48.70  49.1500  48.2600  106196 2024-09-09 04:00:00       49.837      47.8156      0.004124
2024-09-10  11438505.0  48.7642  48.790   48.79  48.9700  48.4400   89473 2024-09-10 04:00:00       49.637      47.8412      0.001848
2024-09-11  14378013.0  48.7032  48.750   49.11  49.2100  47.8501  101936 2024-09-11 04:00:00       49.477      47.8730      0.006559
2024-09-12  12646970.0  49.4021  49.090   49.61  49.6400  48.8600   81608 2024-09-12 04:00:00       49.453      47.9196      0.010181
2024-09-13   9107403.0  49.8686  49.740   49.80  50.0550  49.6700   69691 2024-09-13 04:00:00       49.394      47.9738      0.003830
2024-09-16  14879248.0  50.8006  49.880   51.03  51.0700  49.7800  104741 2024-09-16 04:00:00       49.443      48.0614      0.024699
2024-09-17  12890979.0  50.8751  51.020   50.61  51.4150  50.5700   94937 2024-09-17 04:00:00       49.498      48.1524     -0.008230
2024-09-18  12422857.0  50.6190  50.390   50.57  51.1400  50.2700   97057 2024-09-18 04:00:00       49.585      48.2478     -0.000790
2024-09-19  15898799.0  51.4654  51.410   51.44  51.7150  51.1450  103597 2024-09-19 04:00:00       49.816      48.3512      0.017204
2024-09-20  38359557.0  51.9257  51.450   51.97  52.3300  51.4150  125901 2024-09-20 04:00:00       50.163      48.4554      0.010303
2024-09-23  17333374.0  52.1829  52.060   52.19  52.4400  51.8900   89676 2024-09-23 04:00:00       50.512      48.5516      0.004233
2024-09-24  25000805.0  52.3978  52.210   52.52  52.5700  52.0050  101351 2024-09-24 04:00:00       50.885      48.6540      0.006323
2024-09-25  17577873.0  52.5957  52.570   52.65  52.7300  52.3650   88819 2024-09-25 04:00:00       51.239      48.7586      0.002475
2024-09-26  17710462.0  52.9242  53.000   52.85  53.2900  52.7600   98021 2024-09-26 04:00:00       51.563      48.8452      0.003799
2024-09-27  11874438.0  53.0311  53.040   53.02  53.2170  52.8600   82320 2024-09-27 04:00:00       51.885      48.9448      0.003217
2024-09-30  17006245.0  53.1287  53.020   53.22  53.3100  52.6450   93684 2024-09-30 04:00:00       52.104      49.0628      0.003772
2024-10-01  15579217.0  52.6640  53.110   52.74  53.2000  52.3100  100862 2024-10-01 04:00:00       52.317      49.1812     -0.009019
2024-10-02  10304685.0  52.5858  52.395   52.62  52.8350  52.1301   83999 2024-10-02 04:00:00       52.522      49.3064     -0.002275
2024-10-03  10780881.0  52.4212  52.190   52.43  52.6600  52.1600   75481 2024-10-03 04:00:00       52.621      49.4180     -0.003611
2024-10-04  11450460.0  52.6475  52.800   52.75  52.9100  52.4100   72671 2024-10-04 04:00:00       52.699      49.5282      0.006103
2024-10-07  10178779.0  52.5954  52.580   52.51  52.8500  52.3700   72204 2024-10-07 04:00:00       52.731      49.6208     -0.004550
2024-10-08  10916720.0  52.6210  52.640   52.73  52.7700  52.1950   73918 2024-10-08 04:00:00       52.752      49.7156      0.004190
2024-10-09  10387321.0  53.4154  52.650   53.56  53.6750  52.5400   87147 2024-10-09 04:00:00       52.843      49.8240      0.015741
2024-10-10   9004588.0  53.5597  53.700   53.54  53.8100  53.4200   80862 2024-10-10 04:00:00       52.912      49.9258     -0.000373
2024-10-11  12362336.0  54.1690  53.520   54.25  54.3300  53.5200   96166 2024-10-11 04:00:00       53.035      50.0630      0.013261
2024-10-14  10115240.0  54.2164  54.310   54.27  54.4050  53.7900   83047 2024-10-14 04:00:00       53.140      50.2152      0.000369
2024-10-15  17941110.0  54.1696  54.420   54.08  54.6100  53.9200  119773 2024-10-15 04:00:00       53.274      50.4020     -0.003501
2024-10-16  32168876.0  55.8888  55.000   56.38  56.4100  54.8300  176900 2024-10-16 04:00:00       53.650      50.6264      0.042530
2024-10-17  17113629.0  56.3310  56.375   56.40  56.5750  55.8500  114654 2024-10-17 04:00:00       54.047      50.8520      0.000355
2024-10-18  17169710.0  56.6514  56.410   56.76  56.8700  56.2100  107619 2024-10-18 04:00:00       54.448      51.0706      0.006383
2024-10-21  13910043.0  56.6933  56.690   56.59  57.0550  56.5100   90200 2024-10-21 04:00:00       54.856      51.2930     -0.002995
2024-10-22  13383112.0  56.5595  56.000   56.60  56.9000  55.8600  101453 2024-10-22 04:00:00       55.243      51.5278      0.000177
2024-10-23  18281694.0  56.2669  56.160   56.28  56.5900  55.9900   98481 2024-10-23 04:00:00       55.515      51.7460     -0.005654
2024-10-24  13874391.0  56.0298  56.375   55.96  56.5500  55.8100   91433 2024-10-24 04:00:00       55.757      51.9564     -0.005686
2024-10-25  12768682.0  55.9233  56.250   55.74  56.6253  55.6656   94176 2024-10-25 04:00:00       55.906      52.1006     -0.003931
2024-10-28  10169802.0  55.4057  55.900   55.28  55.9800  55.2100   89435 2024-10-28 04:00:00       56.007      52.2170     -0.008253
2024-10-29  15576797.0  55.7454  55.370   55.68  56.1050  55.2700   93681 2024-10-29 04:00:00       56.167      52.3310      0.007236
2024-10-30  12198198.0  55.6172  55.570   55.59  56.0400  55.3700   85663 2024-10-30 04:00:00       56.088      52.4380     -0.001616
2024-10-31  20989725.0  54.8917  55.430   54.77  55.5100  54.7050  127943 2024-10-31 04:00:00       55.925      52.5244     -0.014751
2024-11-01  13556624.0  55.4326  54.740   55.50  55.8100  54.5300  116875 2024-11-01 04:00:00       55.799      52.6300      0.013328
2024-11-04  12267803.0  55.7189  55.450   55.83  55.9100  55.1200  106984 2024-11-04 05:00:00       55.723      52.7318      0.005946
2024-11-05   9608616.0  56.0626  55.900   56.16  56.2700  55.5000   88110 2024-11-05 05:00:00       55.679      52.8392      0.005911
2024-11-06  19487893.0  57.6664  57.189   57.87  58.0850  56.9550  149123 2024-11-06 05:00:00       55.838      52.9824      0.030449
2024-11-07  15022807.0  58.0096  57.800   58.08  58.3000  57.5400  110986 2024-11-07 05:00:00       56.050      53.1470      0.003629
2024-11-08  16964907.0  57.9684  58.090   58.06  58.1999  57.6550  110320 2024-11-08 05:00:00       56.282      53.3004     -0.000344
2024-11-11  15474170.0  58.7230  59.000   58.63  59.3800  58.3600  126487 2024-11-11 05:00:00       56.617      53.4622      0.009817
2024-11-12  14962209.0  58.7083  58.760   58.71  59.0350  58.4300  122551 2024-11-12 05:00:00       56.920      53.6352      0.001364
2024-11-13  35908444.0  58.8995  58.150   59.18  59.2800  57.8400  212822 2024-11-13 05:00:00       57.279      53.8248      0.008005
2024-11-14  31147774.0  58.0114  58.990   57.92  58.9900  57.5200  217838 2024-11-14 05:00:00       57.594      54.0006     -0.021291
2024-11-15  27110159.0  57.5059  57.450   57.46  58.1000  57.2300  168320 2024-11-15 05:00:00       57.790      54.1798     -0.007942
2024-11-18  17738002.0  57.5207  57.550   57.31  57.9900  57.2300  111763 2024-11-18 05:00:00       57.938      54.3520     -0.002611
2024-11-19  16794459.0  56.8418  56.680   57.01  57.0400  56.3500  119618 2024-11-19 05:00:00       58.023      54.5164     -0.005235
2024-11-20  12359918.0  57.1949  56.840   57.50  57.5000  56.6100   94666 2024-11-20 05:00:00       57.986      54.6842      0.008595
2024-11-21  14123622.0  57.5781  57.290   57.56  57.9300  57.1000  119550 2024-11-21 05:00:00       57.934      54.8432      0.001043
2024-11-22  14377382.0  58.4409  57.590   58.55  58.7000  57.4550  102270 2024-11-22 05:00:00       57.983      55.0182      0.017199
2024-11-25  47378782.0  58.7280  58.650   58.74  58.9600  58.2600  130375 2024-11-25 05:00:00       57.994      55.1724      0.003245
2024-11-26  13678160.0  59.3421  59.000   59.59  59.6400  58.9400  105605 2024-11-26 05:00:00       58.082      55.3520      0.014471
2024-11-27  11582287.0  59.3006  59.610   59.29  59.8700  58.9300   89259 2024-11-27 05:00:00       58.093      55.5264     -0.005034
2024-11-29  10122820.0  59.3164  59.070   59.21  59.5900  59.0400   58398 2024-11-29 05:00:00       58.222      55.6818     -0.001349
2024-12-02  14865810.0  59.4453  59.250   59.43  59.7000  59.1400  119595 2024-12-02 05:00:00       58.419      55.8310      0.003716
2024-12-03  10444091.0  59.4263  59.430   59.48  59.5250  59.1650   67268 2024-12-03 05:00:00       58.636      55.9768      0.000841
2024-12-04  16265183.0  59.6133  59.640   59.62  59.8400  59.2650   91090 2024-12-04 05:00:00       58.897      56.1188      0.002354
2024-12-05  18334288.0  60.0245  59.790   60.02  60.2300  59.7000   96655 2024-12-05 05:00:00       59.149      56.2662      0.006709
2024-12-06  13670624.0  59.9072  60.000   59.89  60.0800  59.7650   83902 2024-12-06 05:00:00       59.382      56.4070     -0.002166
2024-12-09  14391532.0  59.1547  59.830   58.95  59.8800  58.8600  104435 2024-12-09 05:00:00       59.422      56.5256     -0.015695