                 v_DIS        vw    o_DIS   c_DIS       h_DIS     l_DIS       n                 t_a  DIS_SMA_10  DIS_SMA_50  DIS_Returns
t                                                                                                                                       
2023-12-11  10810961.0   92.4097   92.730   92.20   93.080000   91.9700   92859 2023-12-11 05:00:00      92.194     87.1922    -0.006680
2023-12-12  13218428.0   91.3561   92.120   91.07   92.200000   90.8614  107152 2023-12-12 05:00:00      92.051     87.3802    -0.012256
2023-12-13  10173236.0   92.1173   91.170   92.83   92.870000   90.7800  105421 2023-12-13 05:00:00      92.084     87.6460     0.019326
2023-12-14  12439334.0   94.0165   93.210   93.94   94.830000   93.2100  132098 2023-12-14 05:00:00      92.209     87.9384     0.011957
2023-12-15  17551598.0   93.4494   93.050   93.46   93.948000   92.9300  104874 2023-12-15 05:00:00      92.297     88.1914    -0.005110
2023-12-18   9083570.0   93.0397   92.700   92.86   93.710000   92.7000   94838 2023-12-18 05:00:00      92.382     88.3898    -0.006420
2023-12-19   8802762.0   93.5444   92.640   93.93   93.990000   92.6100   93577 2023-12-19 05:00:00      92.696     88.5744     0.011523
2023-12-20  13060571.0   92.4135   93.240   91.27   94.270000   91.2500  123347 2023-12-20 05:00:00      92.673     88.7000    -0.028319
2023-12-21  13010978.0   91.5904   91.930   92.02   92.080000   91.0600  120490 2023-12-21 05:00:00      92.640     88.8434     0.008217
2023-12-22   9419816.0   91.2881   91.620   91.02   92.240000   90.7500  100951 2023-12-22 05:00:00      92.460     88.9768    -0.010867
2023-12-26   8086935.0   90.9521   90.840   90.95   91.268100   90.6000   85006 2023-12-26 05:00:00      92.335     89.1088    -0.000769
2023-12-27  11123508.0   90.3302   90.910   90.38   90.939300   90.0400  114898 2023-12-27 05:00:00      92.266     89.2022    -0.006267
2023-12-28   8479648.0   90.4641   90.090   90.40   90.979900   89.9700  101717 2023-12-28 05:00:00      92.023     89.2862     0.000221
2023-12-29   9210954.0   90.2447   90.120   90.29   90.600000   89.8600  103270 2023-12-29 05:00:00      91.658     89.3984    -0.001217
2024-01-02  10566634.0   90.6359   90.100   90.71   91.475000   89.7304  111551 2024-01-02 05:00:00      91.383     89.5476     0.004652
2024-01-03  11929768.0   91.2160   90.230   91.65   92.080000   90.0000  118902 2024-01-03 05:00:00      91.262     89.7276     0.010363
2024-01-04  12087430.0   90.5442   91.940   90.56   91.940000   90.0000  123896 2024-01-04 05:00:00      90.925     89.8768    -0.011893
2024-01-05   9092069.0   90.8184   90.410   90.90   91.320000   90.3550   86867 2024-01-05 05:00:00      90.888     90.0436     0.003754
2024-01-08  11103717.0   91.4086   91.550   91.55   91.940000   91.0000  103537 2024-01-08 05:00:00      90.841     90.2628     0.007151
2024-01-09  11255050.0   90.0793   91.050   89.67   91.100000   89.6020  121315 2024-01-09 05:00:00      90.706     90.4606    -0.020535
2024-01-10  15091574.0   89.3060   89.820   89.29   89.820000   88.8800  111358 2024-01-10 05:00:00      90.540     90.6598    -0.004238
2024-01-11   9642176.0   89.2215   89.390   89.45   89.779800   88.6850  115043 2024-01-11 05:00:00      90.447     90.8352     0.001792
2024-01-12  11919448.0   90.3330   89.650   90.35   90.830000   89.6500  113654 2024-01-12 05:00:00      90.442     91.0104     0.010061
2024-01-16  16780869.0   91.8336   90.290   93.05   93.090000   89.4550  164930 2024-01-16 05:00:00      90.718     91.2500     0.029884
2024-01-17  15735217.0   91.0673   92.575   90.34   93.760000   90.1000  161197 2024-01-17 05:00:00      90.681     91.3910    -0.029124
2024-01-18  12203197.0   91.7512   90.655   92.21   92.510000   90.4050  122734 2024-01-18 05:00:00      90.737     91.5338     0.020700
2024-01-19  19761081.0   92.4388   92.320   93.06   93.580000   91.6300  127100 2024-01-19 05:00:00      90.987     91.7146     0.009218
2024-01-22  15119379.0   94.4925   92.870   95.08   95.230000   92.8700  150002 2024-01-22 05:00:00      91.405     91.9244     0.021706
2024-01-23  11559411.0   93.8564   95.430   93.77   95.890000   93.1750  122888 2024-01-23 05:00:00      91.627     92.1098    -0.013778
2024-01-24  10454904.0   93.7529   94.420   93.50   95.250000   93.2550  115759 2024-01-24 05:00:00      92.010     92.1730    -0.002879
2024-01-25   8661572.0   94.4031   93.920   94.86   94.940000   93.7500  107613 2024-01-25 05:00:00      92.567     92.3048     0.014545
2024-01-26   7812755.0   95.2843   95.000   95.36   95.530000   94.7000  100916 2024-01-26 05:00:00      93.158     92.4232     0.005271
2024-01-29  13422221.0   96.6677   95.420   97.49   97.500000   95.0000  140223 2024-01-29 05:00:00      93.872     92.5516     0.022336
2024-01-30   9133614.0   96.9467   96.520   96.94   97.540000   96.0100  122025 2024-01-30 05:00:00      94.261     92.6118    -0.005642
2024-01-31   9592304.0   96.4641   96.420   96.05   97.570000   95.8114  109650 2024-01-31 05:00:00      94.832     92.6426    -0.009181
2024-02-01   8484801.0   96.7399   96.370   97.06   97.930000   95.9000  104567 2024-02-01 05:00:00      95.317     92.7008     0.010515
2024-02-02   9321343.0   96.8127   96.280   97.13   97.410000   95.8200  109626 2024-02-02 05:00:00      95.724     92.7428     0.000721
2024-02-05  11679341.0   96.8378   96.700   96.65   97.370000   96.4900  125734 2024-02-05 05:00:00      95.881     92.7868    -0.004942
2024-02-06  16498476.0   98.2308   96.920   99.29   99.320000   96.7900  156487 2024-02-06 05:00:00      96.433     92.8712     0.027315
2024-02-07  28844132.0  100.1264   97.390   99.14   99.280000   96.6400  277506 2024-02-07 05:00:00      96.997     92.9328    -0.001511
2024-02-08  60558410.0  109.7216  107.080  110.54  112.770000  106.8000  568835 2024-02-08 05:00:00      98.565     93.2402     0.114989
2024-02-09  21503486.0  108.4805  109.600  108.39  110.150000  107.6900  228384 2024-02-09 05:00:00      99.868     93.5580    -0.019450
2024-02-12  13418955.0  109.7502  107.880  109.29  111.059900  107.8300  154262 2024-02-12 05:00:00     101.048     93.8938     0.008303
2024-02-13  14564603.0  109.8808  108.280  110.46  110.650000  108.2100  156618 2024-02-13 05:00:00     102.400     94.2492     0.010705
2024-02-14  11405491.0  110.9705  110.580  111.56  111.680000  109.6700  131476 2024-02-14 05:00:00     103.951     94.6288     0.009958
2024-02-15   9961907.0  112.2050  111.080  112.45  112.920000  111.0800  124157 2024-02-15 05:00:00     105.490     95.0376     0.007978
2024-02-16   8782223.0  111.8435  112.020  111.60  112.560000  111.1600  109878 2024-02-16 05:00:00     106.937     95.4538    -0.007559
2024-02-20   9770911.0  109.8654  110.850  109.44  111.128000  109.3500  111143 2024-02-20 05:00:00     108.216     95.8126    -0.019355
2024-02-21  10151428.0  107.9036  108.480  107.67  109.220000  107.2350  111614 2024-02-21 05:00:00     109.054     96.1190    -0.016173
2024-02-22   9266195.0  107.8621  107.990  107.64  108.490000  107.4050  106069 2024-02-22 05:00:00     109.904     96.4154    -0.000279
2024-02-23  11723352.0  107.0208  107.570  107.74  108.000000  105.8300  133258 2024-02-23 05:00:00     109.624     96.7262     0.000929
2024-02-26   8694150.0  108.0324  107.520  107.68  108.760000  107.3800   98236 2024-02-26 05:00:00     109.553     97.0584    -0.000557
2024-02-27   7594956.0  108.7572  107.780  109.42  109.580000  107.7800   98944 2024-02-27 05:00:00     109.566     97.3902     0.016159
2024-02-28  10773048.0  110.5346  108.780  110.80  111.040000  108.6610  123966 2024-02-28 05:00:00     109.600     97.7274     0.012612
2024-02-29  11658288.0  111.5544  111.140  111.58  112.750000  110.9700  118801 2024-02-29 05:00:00     109.602     98.0898     0.007040
2024-03-01   7242396.0  111.7835  111.440  111.95  112.145000  111.0300  112924 2024-03-01 05:00:00     109.552     98.4716     0.003316
2024-03-04  11558852.0  113.3212  112.670  113.69  114.130000  111.8000  146011 2024-03-04 05:00:00     109.761     98.8668     0.015543
2024-03-05  14929579.0  113.4838  113.610  112.87  115.190000  112.2700  183139 2024-03-05 05:00:00     110.104     99.2988    -0.007213
2024-03-06  14743882.0  110.5609  113.080  110.06  113.300000  109.2500  171784 2024-03-06 05:00:00     110.343     99.6596    -0.024896
2024-03-07   8609290.0  110.0252  110.700  110.18  111.080000  109.2000  118704 2024-03-07 05:00:00     110.597    100.0428     0.001090
2024-03-08  10009185.0  110.6073  110.180  110.32  111.310000  109.3400  107454 2024-03-08 05:00:00     110.855    100.4302     0.001271
2024-03-11   8794307.0  112.0662  110.090  112.31  112.910000  110.0300  114309 2024-03-11 04:00:00     111.318    100.8688     0.018038
2024-03-12   8084958.0  112.3082  112.515  112.46  112.950000  111.6400   89966 2024-03-12 04:00:00     111.622    101.3100     0.001336
2024-03-13   7267902.0  112.9849  112.740  112.50  114.130000  112.4350   96428 2024-03-13 04:00:00     111.792    101.7542     0.000356
2024-03-14  10520462.0  111.1770  111.740  112.06  112.350000  109.5100  124992 2024-03-14 04:00:00     111.840    102.1812    -0.003911
2024-03-15  15350181.0  112.0960  111.600  111.95  112.960000  111.4000  115093 2024-03-15 04:00:00     111.840    102.5872    -0.000982
2024-03-18  11820501.0  113.7605  112.290  113.85  114.430000  112.2900  131396 2024-03-18 04:00:00     111.856    103.0530     0.016972
2024-03-19  10999744.0  114.5047  113.410  114.51  115.170000  113.2431  129262 2024-03-19 04:00:00     112.020    103.5252     0.005797
2024-03-20  11699645.0  115.5411  114.610  116.46  116.510000  114.3600  122397 2024-03-20 04:00:00     112.660    104.0234     0.017029
2024-03-21  10306145.0  116.7373  116.990  116.70  117.360000  115.8600  121256 2024-03-21 04:00:00     113.312    104.5640     0.002061
2024-03-22   7144785.0  116.1842  116.920  115.87  117.660000  115.8400   88170 2024-03-22 04:00:00     113.867    105.0956    -0.007112
2024-03-25  12103553.0  118.7405  116.970  119.36  119.410000  116.8700  151693 2024-03-25 04:00:00     114.572    105.6938     0.030120
2024-03-26  11870043.0  119.5390  119.630  119.93  120.400000  118.1900  136471 2024-03-26 04:00:00     115.319    106.2854     0.004775
2024-03-27  10782835.0  120.8459  120.955  120.98  122.026200  120.0201  122517 2024-03-27 04:00:00     116.167    106.8440     0.008755
2024-03-28  15367421.0  122.5178  121.250  122.36  123.740000  121.2000  162936 2024-03-28 04:00:00     117.197    107.4844     0.011407
2024-04-01   8379027.0  121.4847  122.060  121.53  122.399900  120.7800  128731 2024-04-01 04:00:00     118.155    108.0708    -0.006783
2024-04-02  15517067.0  121.9376  120.220  122.82  123.530000  120.1600  169145 2024-04-02 04:00:00     119.052    108.6660     0.010615
2024-04-03  22471185.0  120.3433  122.270  118.98  123.690200  118.3800  220700 2024-04-03 04:00:00     119.499    109.1440    -0.031265
2024-04-04  13799399.0  118.7357  119.220  117.09  120.190000  116.9600  148076 2024-04-04 04:00:00     119.562    109.6104    -0.015885
2024-04-05   9653915.0  118.2218  116.600  118.38  118.860000  116.3000  111608 2024-04-05 04:00:00     119.730    110.1080     0.011017
2024-04-08   6266011.0  117.4585  118.020  117.35  118.520000  116.8200   99155 2024-04-08 04:00:00     119.878    110.5578    -0.008701
2024-04-09   7455367.0  117.9038  117.380  117.97  118.510000  116.8900   88765 2024-04-09 04:00:00     119.739    111.0100     0.005283
2024-04-10   6746282.0  117.0953  116.600  117.19  117.560000  116.3700   87749 2024-04-10 04:00:00     119.465    111.4040    -0.006612
2024-04-11   6559411.0  117.3377  117.590  117.15  118.280000  116.3700   89647 2024-04-11 04:00:00     119.082    111.8082    -0.000341
2024-04-12  12155166.0  114.3926  116.390  114.01  116.700000  113.7300  138367 2024-04-12 04:00:00     118.247    112.1674    -0.026803
2024-04-15   9343791.0  113.5849  114.875  112.95  115.550000  112.7700  119066 2024-04-15 04:00:00     117.389    112.4852    -0.009297
2024-04-16   8589667.0  113.8484  112.820  113.88  114.500000  112.5200   94261 2024-04-16 04:00:00     116.495    112.8202     0.008234
2024-04-17   7084731.0  113.4036  114.000  112.94  114.210000  112.8900   89811 2024-04-17 04:00:00     115.891    113.1460    -0.008254
2024-04-18   7558128.0  112.9241  113.180  112.43  114.250000  112.1900   92540 2024-04-18 04:00:00     115.425    113.4088    -0.004516
2024-04-19   9022905.0  112.0729  111.720  112.61  112.715000  111.0800  105206 2024-04-19 04:00:00     114.848    113.6782     0.001601
2024-04-22   6509361.0  112.3676  113.100  111.99  113.640000  111.7500   87287 2024-04-22 04:00:00     114.312    113.7072    -0.005506
2024-04-23   6541148.0  113.5716  112.830  113.71  114.240000  112.8000   88814 2024-04-23 04:00:00     113.886    113.8136     0.015359
2024-04-24   6051157.0  113.6702  113.140  113.92  114.180000  113.1400   77395 2024-04-24 04:00:00     113.559    113.9062     0.001847
2024-04-25   7933659.0  112.0483  111.220  112.77  112.890000  110.3900  112222 2024-04-25 04:00:00     113.121    113.9524    -0.010095
2024-04-26   5949971.0  112.4875  111.850  112.73  113.021800  111.3200   77504 2024-04-26 04:00:00     112.993    113.9758    -0.000355
2024-04-29   6448236.0  112.3906  113.040  112.08  113.880000  110.3400   79841 2024-04-29 04:00:00     112.906    113.9684    -0.005766
2024-04-30   8062420.0  111.2692  112.000  111.10  112.040000  110.8000   96113 2024-04-30 04:00:00     112.628    113.9584    -0.008744
2024-05-01   5715405.0  110.8632  111.290  110.48  111.990000  110.2100   89621 2024-05-01 04:00:00     112.382    113.9792    -0.005581
2024-05-02   6722345.0  111.9789  111.430  112.62  112.870000  110.5600   94064 2024-05-02 04:00:00     112.401    114.0782     0.019370
2024-05-03   7372682.0  113.5614  113.540  113.66  114.110000  112.7996   98423 2024-05-03 04:00:00     112.506    114.1986     0.009235
2024-05-06  16255335.0  116.0859  114.800  116.47  116.940000  114.1500  204536 2024-05-06 04:00:00     112.954    114.3732     0.024723
2024-05-07  55018321.0  105.9158  107.250  105.39  107.880000  104.2100  555379 2024-05-07 04:00:00     112.122    114.3274    -0.095132
2024-05-08  15067857.0  105.5971  104.900  105.44  106.480000  104.4400  162477 2024-05-08 04:00:00     111.274    114.2478     0.000474
2024-05-09  14997141.0  105.6519  104.620  105.80  106.130000  104.3900  156752 2024-05-09 04:00:00     110.577    114.1478     0.003414
2024-05-10  15830271.0  105.9567  106.920  105.79  107.020000  105.4200  150256 2024-05-10 04:00:00     109.883    114.0320    -0.000095
2024-05-13   9622579.0  105.9932  105.590  105.83  106.640800  105.5900  115716 2024-05-13 04:00:00     109.258    113.9096     0.000378
2024-05-14  11254695.0  105.3727  105.300  105.35  105.990000  104.9500  118313 2024-05-14 04:00:00     108.683    113.7428    -0.004536
2024-05-15  20643588.0  102.7615  105.620  102.77  105.880000  101.3900  234211 2024-05-15 04:00:00     107.912    113.5408    -0.024490
2024-05-16   9418443.0  103.4972  103.040  103.37  104.030000  102.8400  118446 2024-05-16 04:00:00     106.987    113.4070     0.005838
2024-05-17   7013392.0  103.3601  103.630  103.25  103.820000  103.0400   85811 2024-05-17 04:00:00     105.946    113.2684    -0.001161
2024-05-20   7553444.0  102.9380  103.330  102.90  103.670000  102.5200   93488 2024-05-20 04:00:00     104.589    113.1200    -0.003390
2024-05-21   6731071.0  103.0843  102.990  103.01  103.699900  102.7200   84255 2024-05-21 04:00:00     104.351    112.9340     0.001069
2024-05-22   7144409.0  103.2502  102.980  103.02  103.830000  102.7450   90877 2024-05-22 04:00:00     104.109    112.7452     0.000097
2024-05-23  10302880.0  101.1067  102.980  100.66  103.010000  100.2700  138522 2024-05-23 04:00:00     103.595    112.5084    -0.022908
2024-05-24   6363685.0  101.6188  100.850  101.76  102.090000  100.6900   85347 2024-05-24 04:00:00     103.192    112.3024     0.010928
2024-05-28   7731129.0  102.1788  101.360  102.44  102.859900  100.9450  107352 2024-05-28 04:00:00     102.853    112.1122     0.006682
2024-05-29   7054412.0  101.2425  101.760  100.88  102.080000  100.7700  107827 2024-05-29 04:00:00     102.406    111.8528    -0.015228
2024-05-30   6904933.0  101.6462  101.135  101.70  102.070000  100.9700   96777 2024-05-30 04:00:00     102.299    111.5966     0.008128
2024-05-31  14135189.0  103.3483  101.520  103.91  104.080000  101.4100  119083 2024-05-31 04:00:00     102.353    111.3456     0.021731
2024-06-03   6748484.0  102.9494  104.170  102.77  104.220000  102.4800  103276 2024-06-03 04:00:00     102.305    111.0670    -0.010971
2024-06-04   7149119.0  102.8720  102.105  103.33  103.490000  101.6300   83629 2024-06-04 04:00:00     102.348    110.8162     0.005449
2024-06-05  10736019.0  101.5657  103.000  101.50  103.080000  101.0299  130896 2024-06-05 04:00:00     102.197    110.4590    -0.017710
2024-06-06  10205229.0  101.2765  101.050  101.21  101.930000  100.8101  126760 2024-06-06 04:00:00     102.016    110.0846    -0.002857
2024-06-07   5896124.0  101.5825  100.860  101.54  102.270000  100.5520   86084 2024-06-07 04:00:00     102.104    109.6958     0.003261
2024-06-10   7576626.0  102.0967  101.250  102.74  102.845000  100.6350  103399 2024-06-10 04:00:00     102.202    109.3034     0.011818
2024-06-11   9017710.0  101.4213  102.640  100.87  102.880000  100.7400   97798 2024-06-11 04:00:00     102.045    108.8902    -0.018201
2024-06-12   8887535.0  100.9818  101.200  100.80  101.690000  100.2500  114200 2024-06-12 04:00:00     102.037    108.4498    -0.000694
2024-06-13  10059275.0  100.0435  100.610  100.09  101.070000   99.6050  113382 2024-06-13 04:00:00     101.876    108.0720    -0.007044
2024-06-14   6898372.0   99.7394   99.810   99.97  100.380000   99.2500   87340 2024-06-14 04:00:00     101.482    107.7296    -0.001199
2024-06-17  10047468.0  101.3301  100.980  101.52  101.920000  100.6200  115646 2024-06-17 04:00:00     101.357    107.3924     0.015505
2024-06-18   6951186.0  101.2424  101.120  101.50  101.760000  100.6100   88311 2024-06-18 04:00:00     101.174    107.0754    -0.000197
2024-06-20   7707449.0  101.4264  100.570  101.84  101.935000  100.3800  100630 2024-06-20 04:00:00     101.208    106.7528     0.003350
2024-06-21  13599005.0  102.1403  101.795  102.27  102.540000  101.5850   87003 2024-06-21 04:00:00     101.314    106.4544     0.004222
2024-06-24   6579839.0  102.2274  102.250  101.98  103.080000  101.9100   93036 2024-06-24 04:00:00     101.358    106.1510    -0.002836
2024-06-25   9861226.0  102.2342  102.660  102.20  103.677000  101.7700  104295 2024-06-25 04:00:00     101.304    105.9148     0.002157
2024-06-26   9397266.0  102.0732  101.900  102.18  102.370000  101.4300   93101 2024-06-26 04:00:00     101.435    105.6994    -0.000196
2024-06-27   8131925.0  102.0505  102.040  102.17  102.280000  101.8100   97623 2024-06-27 04:00:00     101.572    105.4652    -0.000098
2024-06-28  19450988.0   99.7180  102.020   99.29  102.580000   98.3800  188982 2024-06-28 04:00:00     101.492    105.1922    -0.028188
2024-07-01  13073662.0   98.2988   99.400   98.04   99.740000   97.8800  147042 2024-07-01 04:00:00     101.299    104.9044    -0.012589
2024-07-02  11920140.0   97.5588   97.935   97.99   97.990000   96.9500  131946 2024-07-02 04:00:00     100.946    104.6120    -0.000510
2024-07-03   4983619.0   98.5115   97.840   98.61   99.080000   97.8300   70981 2024-07-03 04:00:00     100.657    104.3444     0.006327
2024-07-05   6953155.0   97.9020   98.305   97.99   98.305000   97.5840   92351 2024-07-05 04:00:00     100.272    104.0300    -0.006287
2024-07-08   7587087.0   97.4196   97.690   97.37   98.290000   96.8900  102961 2024-07-08 04:00:00      99.782    103.6990    -0.006327
2024-07-09   8960703.0   96.8761   97.470   97.05   97.530000   96.1500  108133 2024-07-09 04:00:00      99.289    103.3846    -0.003286
2024-07-10   7573566.0   96.7325   96.950   96.97   97.279900   96.2500   92834 2024-07-10 04:00:00      98.766    103.0694    -0.000824
2024-07-11   7005620.0   96.7856   97.010   96.60   97.580000   96.3000  101002 2024-07-11 04:00:00      98.208    102.7598    -0.003816
2024-07-12   6304669.0   97.3318   97.095   97.13   97.830000   96.9800   87308 2024-07-12 04:00:00      97.704    102.4804     0.005487
2024-07-15   6832041.0   96.9517   97.330   96.87   97.490000   96.6000   96397 2024-07-15 04:00:00      97.462    102.2082    -0.002677
2024-07-16  10589253.0   98.0152   97.020   98.47   98.720000   96.5400  121702 2024-07-16 04:00:00      97.505    101.9252     0.016517
2024-07-17   9210637.0   97.3259   98.300   97.31   98.610000   96.5300  118544 2024-07-17 04:00:00      97.437    101.5982    -0.011780
2024-07-18   6855463.0   97.1641   97.360   96.79   98.060000   96.6750   98718 2024-07-18 04:00:00      97.255    101.2046    -0.005344
2024-07-19   8955206.0   95.9677   96.820   95.74   96.820000   95.4400   99770 2024-07-19 04:00:00      97.030    101.0116    -0.010848
2024-07-22  12715437.0   94.0703   95.110   94.13   95.155000   93.4900  159730 2024-07-22 04:00:00      96.706    100.7854    -0.016816
2024-07-23  21915752.0   91.0389   90.700   90.94   91.690000   89.8300  251463 2024-07-23 04:00:00      96.095    100.4882    -0.033889
2024-07-24  11629642.0   89.9962   90.220   89.80   90.750000   89.5750  151171 2024-07-24 04:00:00      95.378    100.1684    -0.012536
2024-07-25  10246587.0   89.7516   90.080   89.21   90.500000   89.2100  120983 2024-07-25 04:00:00      94.639     99.8360    -0.006570
2024-07-26  10038760.0   89.9267   90.000   89.93   90.550000   89.3350  123273 2024-07-26 04:00:00      93.919     99.5276     0.008071
2024-07-29  12927978.0   91.8347   90.390   92.14   92.550000   90.1900  150589 2024-07-29 04:00:00      93.446     99.3150     0.024575
2024-07-30   9397083.0   93.1380   91.670   93.79   94.040000   91.6700  114289 2024-07-30 04:00:00      92.978     99.1234     0.017908
2024-07-31   9972235.0   94.1904   93.785   93.69   94.835000   93.6400  105884 2024-07-31 04:00:00      92.616     98.9322    -0.001066
2024-08-01   8963230.0   93.1053   93.860   93.05   93.950000   92.6000  110805 2024-08-01 04:00:00      92.242     98.7352    -0.006831
2024-08-02  14642681.0   89.8982   92.160   89.57   92.200000   89.0000  172710 2024-08-02 04:00:00      91.625     98.4664    -0.037399
2024-08-05  18485348.0   88.3108   86.890   87.78   89.560000   86.4200  216220 2024-08-05 04:00:00      90.990     98.1616    -0.019984
2024-08-06  21276250.0   90.2108   88.230   89.97   91.910000   87.9600  224015 2024-08-06 04:00:00      90.893     97.9478     0.024949
2024-08-07  29927146.0   87.3562   88.000   85.96   89.244700   85.7500  313815 2024-08-07 04:00:00      90.509     97.6318    -0.044570
2024-08-08  21639015.0   85.3509   85.150   85.96   86.330000   83.9100  223746 2024-08-08 04:00:00      90.184     97.3022     0.000000
2024-08-09  15717454.0   85.5017   86.130   86.21   86.250000   84.7100  138643 2024-08-09 04:00:00      89.812     97.0088     0.002908
2024-08-12  11579181.0   85.9421   85.860   85.95   86.380000   85.4800  122773 2024-08-12 04:00:00      89.193     96.6938    -0.003016
2024-08-13  14455380.0   85.5877   86.460   85.60   86.460000   85.3100  159413 2024-08-13 04:00:00      88.374     96.3276    -0.004072
2024-08-14   9273494.0   86.0946   86.010   86.30   86.540000   85.5600  109526 2024-08-14 04:00:00      87.635     95.9982     0.008178
2024-08-15  12064356.0   88.3275   87.250   88.79   88.925000   87.2100  145053 2024-08-15 04:00:00      87.209     95.7074     0.028853
2024-08-16  10012837.0   89.1909   88.960   89.30   89.670000   88.3400  109365 2024-08-16 04:00:00      87.182     95.4634     0.005744
2024-08-19   9644686.0   90.6061   89.410   90.82   90.950000   89.4100  114634 2024-08-19 04:00:00      87.486     95.2556     0.017021
2024-08-20   8748055.0   89.7710   90.390   89.74   90.670000   89.3100  103827 2024-08-20 04:00:00      87.463     95.0196    -0.011892
2024-08-21   7538911.0   90.1461   90.220   90.72   90.780000   89.4300   93111 2024-08-21 04:00:00      87.939     94.7792     0.010920
2024-08-22   7558932.0   90.2684   90.990   89.92   91.375700   89.6950   99611 2024-08-22 04:00:00      88.335     94.5602    -0.008818
2024-08-23   7012534.0   90.2527   90.150   90.56   90.750000   89.6800   87745 2024-08-23 04:00:00      88.770     94.3554     0.007117
2024-08-26   8013358.0   91.4933   90.920   91.78   91.800000   90.9200  102323 2024-08-26 04:00:00      89.353     94.1892     0.013472
2024-08-27   7182176.0   91.0493   91.430   90.90   91.720000   90.7500   89582 2024-08-27 04:00:00      89.883     94.0078    -0.009588
2024-08-28   8303030.0   89.3800   90.330   89.49   90.624700   88.7600  112211 2024-08-28 04:00:00      90.202     93.7672    -0.015512
2024-08-29   6083558.0   90.1093   90.450   89.81   90.700000   89.6300   83619 2024-08-29 04:00:00      90.304     93.5334     0.003576
2024-08-30   7774073.0   90.0146   89.980   90.38   90.450000   89.4001   91863 2024-08-30 04:00:00      90.412     93.3042     0.006347
2024-09-03   8300254.0   89.5261   89.605   89.13   90.487700   88.5350  122800 2024-09-03 04:00:00      90.243     93.0414    -0.013830
2024-09-04   6116097.0   89.3679   88.950   89.25   90.020100   88.8200   86431 2024-09-04 04:00:00      90.194     92.7868     0.001346
2024-09-05   6091033.0   88.8175   89.665   88.65   89.665000   88.3400   90142 2024-09-05 04:00:00      89.987     92.5158    -0.006723
2024-09-06   7008530.0   88.1840   88.450   87.94   89.090000   87.7200   92923 2024-09-06 04:00:00      89.789     92.2310    -0.008009
2024-09-09   8131893.0   88.2963   88.220   88.34   88.885000   87.8100   87802 2024-09-09 04:00:00      89.567     91.9544     0.004549
2024-09-10   6257867.0   88.3814   88.330   88.40   88.890000   87.9800   87013 2024-09-10 04:00:00      89.229     91.7366     0.000679
2024-09-11   9830604.0   87.8005   88.050   88.32   88.430000   86.5900  107959 2024-09-11 04:00:00      88.971     91.5422    -0.000905
2024-09-12   7047238.0   89.0484   88.220   89.30   89.328900   88.1800   83776 2024-09-12 04:00:00      88.952     91.3684     0.011096
2024-09-13   6999871.0   90.3959   89.450   90.55   90.720000   89.3900   91533 2024-09-13 04:00:00      89.026     91.2072     0.013998
2024-09-16   8936748.0   91.7061   91.100   91.85   92.370000   90.9500  105308 2024-09-16 04:00:00      89.173     91.0844     0.014357
2024-09-17   7989784.0   92.7698   92.370   92.86   93.250000   92.1700  107188 2024-09-17 04:00:00      89.546     90.9942     0.010996
2024-09-18  10187267.0   93.3565   93.520   93.58   94.070000   92.6900  117992 2024-09-18 04:00:00      89.979     90.9248     0.007754
2024-09-19  10840640.0   94.0980   94.820   93.45   95.290000   93.3200  118672 2024-09-19 04:00:00      90.459     90.8544    -0.001389
2024-09-20  17408731.0   93.5515   93.200   93.75   94.010000   92.8200  101407 2024-09-20 04:00:00      91.040     90.7974     0.003210
2024-09-23   7201453.0   92.8784   93.695   92.97   93.700000   92.1600   88530 2024-09-23 04:00:00      91.503     90.7142    -0.008320
2024-09-24   7749903.0   93.3273   93.340   93.69   93.790000   92.4600   85761 2024-09-24 04:00:00      92.032     90.6506     0.007744
2024-09-25   7899559.0   93.8932   93.640   93.92   94.440000   93.3520   95001 2024-09-25 04:00:00      92.592     90.5596     0.002455
2024-09-26   9773303.0   95.1237   94.460   95.20   95.785000   94.1750  113501 2024-09-26 04:00:00      93.182     90.5174     0.013629
2024-09-27   9741382.0   96.1864   95.485   96.01   96.900000   95.2800  111399 2024-09-27 04:00:00      93.728     90.5018     0.008508
2024-09-30   7708484.0   96.1490   96.850   96.19   97.570000   95.4400   99601 2024-09-30 04:00:00      94.162     90.5108     0.001875
2024-10-01   9059767.0   94.2701   95.190   94.05   95.850000   93.3201  125846 2024-10-01 04:00:00      94.281     90.5092    -0.022248
2024-10-02   6009336.0   94.1335   93.590   94.15   94.580000   93.5900   85465 2024-10-02 04:00:00      94.338     90.5734     0.001063
2024-10-03   6117682.0   93.7098   93.610   93.63   94.090000   93.1306   74179 2024-10-03 04:00:00      94.356     90.6500    -0.005523
2024-10-04   6255526.0   94.7597   94.300   95.15   95.340000   93.8900   78930 2024-10-04 04:00:00      94.496     90.7688     0.016234
2024-10-07  10752145.0   92.7562   95.090   92.39   95.140000   91.7600  136857 2024-10-07 04:00:00      94.438     90.8180    -0.029007
2024-10-08  10005426.0   92.8218   92.515   92.51   93.740000   91.6900  112502 2024-10-08 04:00:00      94.320     90.8254     0.001299
2024-10-09   8578664.0   93.1011   91.860   93.60   94.010000   91.4600  107751 2024-10-09 04:00:00      94.288     90.8216     0.011783
2024-10-10   6186413.0   93.1132   93.720   92.99   93.880000   92.6900   85324 2024-10-10 04:00:00      94.067     90.8076    -0.006517
2024-10-11   7718892.0   94.1439   92.850   94.13   94.610000   92.8000   86752 2024-10-11 04:00:00      93.879     90.8292     0.012259
2024-10-14   5579378.0   94.8601   94.180   94.97   95.190000   93.8000   81347 2024-10-14 04:00:00      93.757     90.9372     0.008924
2024-10-15   6410252.0   94.3752   95.250   94.22   95.650000   93.6800   94283 2024-10-15 04:00:00      93.774     91.0660    -0.007897
2024-10-16   9023602.0   95.8691   93.730   96.75   96.790000   93.6300  107726 2024-10-16 04:00:00      94.034     91.2016     0.026852
2024-10-17   9341879.0   96.4226   96.930   96.54   97.330000   95.6100  108886 2024-10-17 04:00:00      94.325     91.4132    -0.002171
2024-10-18   7883035.0   97.0409   97.010   97.28   97.540000   96.0500   87879 2024-10-18 04:00:00      94.538     91.6396     0.007665
2024-10-21   8017795.0   96.5137   97.200   96.62   97.450000   95.9500   92261 2024-10-21 04:00:00      94.961     91.8478    -0.006785
2024-10-22   5160621.0   96.8373   96.200   96.74   97.255000   96.2000   71210 2024-10-22 04:00:00      95.384     92.0636     0.001242
2024-10-23   5235269.0   96.4789   96.930   96.24   97.137800   95.9850   76755 2024-10-23 04:00:00      95.648     92.2764    -0.005168
2024-10-24   4871519.0   95.6531   96.600   95.40   96.800000   95.2515   70985 2024-10-24 04:00:00      95.889     92.4584    -0.008728
2024-10-25   6393825.0   95.6159   95.810   95.03   96.853632   95.0100   88905 2024-10-25 04:00:00      95.979     92.5832    -0.003878
2024-10-28   7719352.0   96.1685   95.220   96.20   96.685000   95.2100   86090 2024-10-28 04:00:00      96.102     92.7212     0.012312
2024-10-29   5963403.0   96.2873   96.260   96.13   96.620000   95.6750   81582 2024-10-29 04:00:00      96.293     92.8274    -0.000728
2024-10-30   7398503.0   95.7221   95.700   95.08   96.710000   94.9400   95722 2024-10-30 04:00:00      96.126     92.9342    -0.010923
2024-10-31   7819199.0   96.1919   95.270   96.20   96.630000   95.0000  101564 2024-10-31 04:00:00      96.092     93.0438     0.011780
2024-11-01   7352877.0   95.8685   95.700   95.81   96.390000   94.8300   93090 2024-11-01 04:00:00      95.945     93.1616    -0.004054
2024-11-04   5919074.0   95.5723   95.825   95.79   96.018800   95.0300   87295 2024-11-04 05:00:00      95.862     93.2662    -0.000209
2024-11-05   5697480.0   96.4193   95.600   96.63   96.670000   95.2500   79385 2024-11-05 05:00:00      95.851     93.3632     0.008769
2024-11-06  11001097.0   98.6676   98.210   98.89   99.550000   98.2100  135560 2024-11-06 05:00:00      96.116     93.5230     0.023388
2024-11-07   7484170.0   99.0122   98.780   98.93   99.520000   98.1300  104391 2024-11-07 05:00:00      96.469     93.7118     0.000404
2024-11-08   7876722.0   98.8025   98.730   99.02   99.260000   97.6100  104516 2024-11-08 05:00:00      96.868     93.8960     0.000910
2024-11-11   8819265.0  100.3964   99.000  100.86  100.900000   99.0000  111677 2024-11-11 05:00:00      97.334     94.1056     0.018582
2024-11-12   9172361.0  100.5072  100.550  100.99  101.290000   99.5000  119464 2024-11-12 05:00:00      97.820     94.3428     0.001289
2024-11-13  17059720.0  102.2234  100.785  102.72  103.200000  100.3500  193721 2024-11-13 05:00:00      98.584     94.6122     0.017130
2024-11-14  47318945.0  110.9632  110.330  109.12  114.810000  108.4000  496274 2024-11-14 05:00:00      99.876     95.0216     0.062305
2024-11-15  31821563.0  113.6636  110.250  115.08  115.190000  110.2500  317102 2024-11-15 05:00:00     101.803     95.5644     0.054619
2024-11-18  13522759.0  113.9292  113.330  113.54  115.435000  112.8900  177962 2024-11-18 05:00:00     103.578     96.0684    -0.013382
2024-11-19  11768502.0  111.8963  112.050  112.42  112.500000  110.8200  138072 2024-11-19 05:00:00     105.157     96.5488    -0.009864
2024-11-20   9056318.0  113.1881  112.260  114.26  114.370000  111.4700  107181 2024-11-20 05:00:00     106.694     97.0676     0.016367
2024-11-21   9768016.0  115.0422  114.150  114.72  116.250000  113.8343  119025 2024-11-21 05:00:00     108.273     97.5760     0.004026
2024-11-22   9688002.0  115.4958  113.850  115.65  116.340000  113.6000  111059 2024-11-22 05:00:00     109.936     98.0780     0.008107
2024-11-25   9689314.0  115.8621  115.680  116.00  116.579800  114.9320  115669 2024-11-25 05:00:00     111.450     98.5610     0.003026
2024-11-26   6531951.0  115.8355  116.000  115.45  116.420000  115.4400   81721 2024-11-26 05:00:00     112.896     99.0128    -0.004741
2024-11-27   8006073.0  117.2182  115.445  117.60  118.199800  115.4450  100669 2024-11-27 05:00:00     114.384     99.4932     0.018623
2024-11-29   4719192.0  117.2879  117.255  117.47  117.740000  116.7300   68674 2024-11-29 05:00:00     115.219     99.9736    -0.001105
2024-12-02   8143154.0  117.2167  117.780  117.16  118.630000  116.5500  102773 2024-12-02 05:00:00     115.427    100.4418    -0.002639
2024-12-03   7903565.0  116.4810  117.000  116.45  117.230000  115.4500   95569 2024-12-03 05:00:00     115.718    100.9114    -0.006060
2024-12-04   7689256.0  116.6377  115.970  116.99  117.290000  115.8400   85999 2024-12-04 05:00:00     116.175    101.3774     0.004637
2024-12-05   9307188.0  116.5498  116.550  116.50  117.270000  116.0600   89741 2024-12-05 05:00:00     116.399    101.8290    -0.004188
2024-12-06   6439997.0  116.7767  116.550  116.73  117.260000  116.2200   79061 2024-12-06 05:00:00     116.600    102.2596     0.001974
2024-12-09   8205633.0  114.9670  116.385  114.61  117.180000  113.9100  123202 2024-12-09 05:00:00     116.496    102.6316    -0.018162