                 v_JNJ        vw    o_JNJ   c_JNJ     h_JNJ     l_JNJ       n                 t_a  JNJ_SMA_10  JNJ_SMA_50  JNJ_Returns
t                                                                                                                                     
2023-12-11   6090360.0  154.9007  154.500  155.06  155.4800  154.3500   87703 2023-12-11 05:00:00     155.571    152.7218     0.004145
2023-12-12   5324406.0  154.8094  155.000  155.07  155.3200  153.6500   80405 2023-12-12 05:00:00     155.915    152.7202     0.000064
2023-12-13  10764575.0  154.7494  153.660  155.79  155.9400  151.7700  113754 2023-12-13 05:00:00     156.283    152.7292     0.004643
2023-12-14   9240800.0  156.3690  156.470  156.87  157.1600  155.0474  112665 2023-12-14 05:00:00     156.504    152.7562     0.006932
2023-12-15  21727754.0  155.0731  155.490  155.16  156.6900  153.7600  118733 2023-12-15 05:00:00     156.182    152.7166    -0.010901
2023-12-18   7231383.0  155.6116  155.210  155.44  156.4400  154.7600   94359 2023-12-18 05:00:00     155.838    152.6726     0.001805
2023-12-19   6651744.0  156.1435  155.300  156.46  156.5000  154.9400   90885 2023-12-19 05:00:00     155.629    152.6310     0.006562
2023-12-20   7008313.0  154.2719  156.540  153.27  156.6600  153.1100   93069 2023-12-20 05:00:00     155.294    152.5292    -0.020389
2023-12-21   4598843.0  154.5856  153.690  154.84  155.1300  153.3000   72525 2023-12-21 05:00:00     155.238    152.5024     0.010243
2023-12-22   3798865.0  155.6772  155.250  155.46  156.5300  155.0200   63715 2023-12-22 05:00:00     155.342    152.4850     0.004004
2023-12-26   4170190.0  155.9968  155.000  156.14  156.3500  154.8500   64037 2023-12-26 05:00:00     155.450    152.4708     0.004374
2023-12-27   5288101.0  156.1785  155.500  156.35  156.5200  155.4200   74814 2023-12-27 05:00:00     155.578    152.4472     0.001345
2023-12-28   4377535.0  156.6615  156.000  156.58  157.2400  155.9900   69214 2023-12-28 05:00:00     155.657    152.4570     0.001471
2023-12-29   4313691.0  156.5505  156.510  156.74  156.9000  155.9800   64877 2023-12-29 05:00:00     155.644    152.5372     0.001022
2024-01-02   9622108.0  159.8439  156.930  159.97  161.6393  156.7900  126705 2024-01-02 05:00:00     156.125    152.6902     0.020607
2024-01-03   8231987.0  160.9321  160.640  160.97  161.4400  159.8000  103645 2024-01-03 05:00:00     156.678    152.8496     0.006251
2024-01-04   6745641.0  160.8801  161.590  160.63  161.9800  160.4200   85501 2024-01-04 05:00:00     157.095    153.0344    -0.002112
2024-01-05   5602564.0  160.8677  160.500  161.13  161.3400  159.4700   81035 2024-01-05 05:00:00     157.881    153.2324     0.003113
2024-01-08   6569810.0  160.9554  161.100  161.53  161.6600  159.6100   94852 2024-01-08 05:00:00     158.550    153.4316     0.002482
2024-01-09   6357014.0  161.6751  161.630  161.63  163.2800  160.5950   86830 2024-01-09 05:00:00     159.167    153.6842     0.000619
2024-01-10   4945088.0  161.7817  161.825  161.87  162.6200  161.2000   76431 2024-01-10 05:00:00     159.740    154.0096     0.001485
2024-01-11   4946015.0  161.1773  162.070  161.15  162.1990  160.7800   79562 2024-01-11 05:00:00     160.220    154.2920    -0.004448
2024-01-12   4496942.0  162.1708  161.840  162.39  162.4700  161.6900   70047 2024-01-12 05:00:00     160.801    154.5730     0.007695
2024-01-16   6923174.0  160.8689  161.570  160.52  162.2500  160.1800   87981 2024-01-16 05:00:00     161.179    154.8096    -0.011515
2024-01-17   5072104.0  160.5487  160.250  160.43  161.3000  159.8700   78342 2024-01-17 05:00:00     161.225    155.0134    -0.000561
2024-01-18   5368502.0  160.6770  160.000  161.21  161.3700  159.6900   84079 2024-01-18 05:00:00     161.249    155.2108     0.004862
2024-01-19   7071320.0  161.3692  161.150  161.68  161.9226  160.2800   90733 2024-01-19 05:00:00     161.354    155.4104     0.002915
2024-01-22   6824156.0  162.4669  162.000  162.47  163.5800  161.3400  100498 2024-01-22 05:00:00     161.488    155.6418     0.004886
2024-01-23   9149777.0  159.3391  159.660  159.81  160.5075  156.9100  129513 2024-01-23 05:00:00     161.316    155.8310    -0.016372
2024-01-24   7247926.0  158.9878  159.750  158.96  160.6000  158.1600   94637 2024-01-24 05:00:00     161.049    156.0618    -0.005319
2024-01-25   5478898.0  159.2080  159.000  159.56  159.6200  158.4700   85981 2024-01-25 05:00:00     160.818    156.3080     0.003775
2024-01-26   5591930.0  159.6896  160.430  159.50  160.7400  159.3601   69564 2024-01-26 05:00:00     160.653    156.5454    -0.000376
2024-01-29   6483190.0  159.4511  159.010  159.36  160.0699  158.9600   83958 2024-01-29 05:00:00     160.350    156.7794    -0.000878
2024-01-30   7200538.0  158.7472  159.350  158.77  159.7600  158.1300   79373 2024-01-30 05:00:00     160.175    156.9788    -0.003702
2024-01-31   8257029.0  159.1116  160.400  158.90  160.6200  158.6700   91941 2024-01-31 05:00:00     160.022    157.1548     0.000819
2024-02-01   8012122.0  158.0581  158.160  158.36  158.4900  157.0500  107509 2024-02-01 05:00:00     159.737    157.3262    -0.003398
2024-02-02   8295916.0  156.7536  157.970  156.61  158.3100  155.9400  100997 2024-02-02 05:00:00     159.230    157.4602    -0.011051
2024-02-05   9121808.0  155.9581  156.610  155.80  156.8900  155.3400  113314 2024-02-05 05:00:00     158.563    157.5538    -0.005172
2024-02-06   9230611.0  157.5928  155.830  158.06  158.7300  155.6000  101524 2024-02-06 05:00:00     158.388    157.6986     0.014506
2024-02-07   8690294.0  158.0730  157.800  157.98  159.3700  157.6900   97094 2024-02-07 05:00:00     158.290    157.8082    -0.000506
2024-02-08   9754960.0  156.0091  157.340  156.40  157.3400  155.3100  119356 2024-02-08 05:00:00     157.974    157.9106    -0.010001
2024-02-09   6529202.0  156.5727  156.270  156.76  157.2000  155.6700   91227 2024-02-09 05:00:00     157.700    158.0132     0.002302
2024-02-12   6701508.0  157.6530  156.580  157.85  158.4100  156.3500   83380 2024-02-12 05:00:00     157.549    158.1280     0.006953
2024-02-13   8621022.0  156.5171  157.640  156.47  158.4500  155.7500  108241 2024-02-13 05:00:00     157.319    158.1642    -0.008742
2024-02-14   9098805.0  155.5189  156.350  155.74  156.4600  154.8400  107818 2024-02-14 05:00:00     157.003    158.1114    -0.004665
2024-02-15   7462529.0  157.6893  155.980  157.92  158.4750  155.8900   98734 2024-02-15 05:00:00     156.959    158.0922     0.013998
2024-02-16   8368961.0  156.7336  156.600  156.55  157.2550  155.6700  106733 2024-02-16 05:00:00     156.953    158.0522    -0.008675
2024-02-20   9501742.0  157.7961  156.560  157.86  158.6100  156.4400  118940 2024-02-20 05:00:00     157.159    158.0770     0.008368
2024-02-21   7473300.0  158.1948  158.020  158.68  158.6900  157.1312   93538 2024-02-21 05:00:00     157.221    158.1426     0.005194
2024-02-22   8065010.0  159.9104  158.980  160.45  160.7400  157.7700  104753 2024-02-22 05:00:00     157.468    158.2632     0.011155
2024-02-23   6725963.0  161.6233  160.880  161.84  162.2500  160.1600   91898 2024-02-23 05:00:00     158.012    158.3988     0.008663
2024-02-26   5465417.0  160.9361  161.800  160.79  162.0100  160.5700   81733 2024-02-26 05:00:00     158.415    158.5132    -0.006488
2024-02-27   5078650.0  160.6375  160.340  160.98  161.0400  159.6400   82449 2024-02-27 05:00:00     158.728    158.6170     0.001182
2024-02-28   6071076.0  161.1085  161.000  161.55  161.6100  160.2900   85345 2024-02-28 05:00:00     159.236    158.7106     0.003541
2024-02-29   9849270.0  161.5253  162.000  161.38  162.1900  160.9400  106582 2024-02-29 05:00:00     159.800    158.8350    -0.001052
2024-03-01   5670135.0  162.1157  161.830  162.12  162.5700  161.0900   94520 2024-03-01 05:00:00     160.220    158.9686     0.004585
2024-03-04   8533083.0  159.4082  161.320  159.84  161.6100  158.2700  128126 2024-03-04 05:00:00     160.549    159.0362    -0.014064
2024-03-05   8298182.0  159.8841  160.620  159.97  161.2400  159.2000  114037 2024-03-05 05:00:00     160.760    159.1702     0.000813
2024-03-06   5773683.0  159.7938  159.460  159.34  160.9300  159.2200   91129 2024-03-06 05:00:00     160.826    159.2602    -0.003938
2024-03-07   5188726.0  159.0053  160.000  158.87  160.3600  158.2400   84428 2024-03-07 05:00:00     160.668    159.3284    -0.002950
2024-03-08   5283951.0  159.5271  158.870  159.52  160.3900  158.4250   79465 2024-03-08 05:00:00     160.436    159.3960     0.004091
2024-03-11   4620826.0  160.5751  159.490  161.23  161.3200  158.8800   82537 2024-03-11 04:00:00     160.480    159.4936     0.010720
2024-03-12   8018736.0  162.3658  161.580  162.74  163.1100  161.1300   98785 2024-03-12 04:00:00     160.656    159.6168     0.009366
2024-03-13   6260000.0  161.4711  162.530  161.10  162.6800  159.8100   92930 2024-03-13 04:00:00     160.611    159.7040    -0.010077
2024-03-14   6988264.0  159.5471  160.940  159.21  161.5400  158.6900  108130 2024-03-14 04:00:00     160.394    159.6888    -0.011732
2024-03-15  13165500.0  158.0601  158.060  158.18  159.1900  157.1000  110791 2024-03-15 04:00:00     160.000    159.6330    -0.006469
2024-03-18   6602121.0  157.0063  158.570  156.76  158.6900  156.5000   95295 2024-03-18 04:00:00     159.692    159.5556    -0.008977
2024-03-19   7840624.0  156.2388  156.670  156.21  156.8600  155.6600  100340 2024-03-19 04:00:00     159.316    159.4572    -0.003509
2024-03-20   5982304.0  155.6826  155.700  155.76  156.4400  155.2100   89440 2024-03-20 04:00:00     158.958    159.3418    -0.002881
2024-03-21   5915777.0  156.0350  155.590  155.75  156.9500  155.1000   83979 2024-03-21 04:00:00     158.646    159.2242    -0.000064
2024-03-22   7248622.0  155.3848  155.690  155.23  156.3600  155.1100   79545 2024-03-22 04:00:00     158.217    159.0914    -0.003339
2024-03-25   7498100.0  155.2961  155.400  155.22  155.9836  154.9000   86746 2024-03-25 04:00:00     157.616    158.9728    -0.000064
2024-03-26   6864099.0  155.6001  155.610  155.77  156.2300  154.7600   88035 2024-03-26 04:00:00     156.919    158.8404     0.003543
2024-03-27   8461600.0  157.2759  155.990  157.96  158.2200  155.4400  114821 2024-03-27 04:00:00     156.605    158.7892     0.014059
2024-03-28   6181503.0  158.3568  158.200  158.19  159.1400  158.1100   80074 2024-03-28 04:00:00     156.503    158.7444     0.001456
2024-04-01   4364699.0  157.6159  157.720  157.78  158.1500  156.7700   84665 2024-04-01 04:00:00     156.463    158.6758    -0.002592
2024-04-02   6102497.0  157.2477  156.570  157.73  157.8300  155.9500   87159 2024-04-02 04:00:00     156.560    158.5968    -0.000317
2024-04-03   8098242.0  155.0381  157.790  154.26  158.0500  154.2500  117395 2024-04-03 04:00:00     156.365    158.4326    -0.022000
2024-04-04   6947423.0  153.4653  155.310  152.50  155.5000  152.4100  104362 2024-04-04 04:00:00     156.039    158.2864    -0.011409
2024-04-05   6783020.0  152.3216  152.030  152.39  153.0100  151.6100  116073 2024-04-05 04:00:00     155.703    158.1550    -0.000721
2024-04-08   5935415.0  152.0254  151.990  151.59  153.0350  151.5600  101957 2024-04-08 04:00:00     155.339    157.9956    -0.005250
2024-04-09   6135556.0  152.0571  151.550  152.29  152.5301  150.9400   95649 2024-04-09 04:00:00     155.046    157.8514     0.004618
2024-04-10   6809519.0  150.3898  151.530  150.20  151.8200  149.7600  114751 2024-04-10 04:00:00     154.489    157.6682    -0.013724
2024-04-11   8374434.0  149.0523  150.800  148.79  150.8700  148.3900  111732 2024-04-11 04:00:00     153.572    157.4686    -0.009387
2024-04-12   7100178.0  147.8182  148.060  147.52  149.0650  147.1500  113964 2024-04-12 04:00:00     152.505    157.2410    -0.008536
2024-04-15   8243324.0  148.1949  148.370  147.59  149.4900  147.3700  129346 2024-04-15 04:00:00     151.486    157.0256     0.000475
2024-04-16  12295839.0  144.7347  145.010  144.45  146.2500  143.3900  180979 2024-04-16 04:00:00     150.158    156.7824    -0.021275
2024-04-17   9189657.0  144.3039  145.000  144.77  145.4100  143.5400  131153 2024-04-17 04:00:00     149.209    156.5618     0.002215
2024-04-18   9535405.0  145.0422  144.980  145.74  145.8000  143.1300  126414 2024-04-18 04:00:00     148.533    156.3154     0.006700
2024-04-19   9210544.0  147.1995  146.150  147.91  148.1300  144.5400  115452 2024-04-19 04:00:00     148.085    156.1140     0.014890
2024-04-22   9443539.0  149.1034  148.510  149.12  150.2700  147.3000  130944 2024-04-22 04:00:00     147.838    155.9684     0.008181
2024-04-23   8790802.0  149.5868  149.860  149.56  150.4900  148.2000  118360 2024-04-23 04:00:00     147.565    155.8244     0.002951
2024-04-24   8981540.0  148.2143  148.140  148.53  148.9900  146.8600  132407 2024-04-24 04:00:00     147.398    155.6380    -0.006887
2024-04-25   7319737.0  146.9716  149.370  146.82  149.5800  146.3300  119522 2024-04-25 04:00:00     147.201    155.4450    -0.011513
2024-04-26   5689087.0  146.3579  146.700  146.14  147.1750  145.9500   95244 2024-04-26 04:00:00     147.063    155.2530    -0.004632
2024-04-29   6028058.0  146.5210  146.140  146.82  147.2200  145.9850  104420 2024-04-29 04:00:00     146.986    155.0310     0.004653
2024-04-30   8407527.0  145.1663  146.880  144.59  146.8800  144.5300  115671 2024-04-30 04:00:00     147.000    154.7918    -0.015189
2024-05-01  13898460.0  150.4887  148.735  151.18  151.8500  147.6200  178868 2024-05-01 04:00:00     147.641    154.6582     0.045577
2024-05-02   8244104.0  149.8905  152.040  149.92  152.3300  149.1400  115974 2024-05-02 04:00:00     148.059    154.4830    -0.008334
2024-05-03   6389876.0  148.9168  149.890  149.27  149.8900  147.8200  100634 2024-05-03 04:00:00     148.195    154.2594    -0.004336
2024-05-06   4864927.0  148.6086  149.870  148.58  150.0500  147.9100   96351 2024-05-06 04:00:00     148.141    153.9942    -0.004622
2024-05-07   6139277.0  148.8658  149.380  148.72  149.7300  148.4500   95821 2024-05-07 04:00:00     148.057    153.7528     0.000942
2024-05-08   7632398.0  149.0382  149.120  148.95  149.7300  148.7000   94270 2024-05-08 04:00:00     148.099    153.5122     0.001547
2024-05-09   6221240.0  149.6891  148.980  149.85  150.1000  148.8900   87094 2024-05-09 04:00:00     148.402    153.2782     0.006042
2024-05-10   5520069.0  149.6580  150.000  149.91  150.0900  149.1900   86326 2024-05-10 04:00:00     148.779    153.0488     0.000400
2024-05-13   5238621.0  150.7535  150.040  151.22  152.0000  149.7050   96602 2024-05-13 04:00:00     149.219    152.8308     0.008739
2024-05-14   7668612.0  151.2947  151.850  151.38  152.2100  150.7000   83737 2024-05-14 04:00:00     149.898    152.6616     0.001058
2024-05-15   5223566.0  152.3120  151.820  152.67  152.9500  151.3000   88387 2024-05-15 04:00:00     150.047    152.5156     0.008522
2024-05-16   7361448.0  153.8336  153.000  154.28  154.3800  152.3300   98239 2024-05-16 04:00:00     150.483    152.4144     0.010546
2024-05-17   5971128.0  154.4331  154.860  154.64  154.8600  153.7129   85841 2024-05-17 04:00:00     151.020    152.3298     0.002333
2024-05-20   6950916.0  151.8008  153.100  151.27  153.3900  151.2600  100366 2024-05-20 04:00:00     151.289    152.1648    -0.021793
2024-05-21   5281594.0  151.2328  151.780  151.24  152.5850  150.7850   82445 2024-05-21 04:00:00     151.541    151.9650    -0.000198
2024-05-22   6502923.0  153.1463  150.840  153.50  154.0800  150.3200   98619 2024-05-22 04:00:00     151.996    151.7802     0.014943
2024-05-23   6785123.0  150.5081  152.750  149.70  152.8400  149.3750  108109 2024-05-23 04:00:00     151.981    151.5522    -0.024756
2024-05-24   8894401.0  147.6465  149.530  146.97  149.8139  146.7600  114036 2024-05-24 04:00:00     151.687    151.3074    -0.018236
2024-05-28  10381582.0  144.7725  146.790  144.38  146.7900  144.1502  142773 2024-05-28 04:00:00     151.003    151.0314    -0.017623
2024-05-29   6994132.0  144.4958  143.820  144.44  145.4150  143.7100  110453 2024-05-29 04:00:00     150.309    150.7850     0.000416
2024-05-30   7280140.0  145.0108  144.620  145.28  145.6100  144.0200   97527 2024-05-30 04:00:00     149.570    150.5664     0.005816
2024-05-31  14058871.0  146.7064  145.570  146.67  147.4800  145.1900  111892 2024-05-31 04:00:00     148.809    150.3846     0.009568
2024-06-03   6380259.0  147.8512  147.250  147.74  148.9000  146.7700  114068 2024-06-03 04:00:00     148.119    150.2244     0.007295
2024-06-04   7840115.0  147.3725  147.480  147.80  148.3100  146.1900  109572 2024-06-04 04:00:00     147.772    150.0758     0.000406
2024-06-05   5783136.0  146.3985  147.970  145.97  147.9900  145.8550  101124 2024-06-05 04:00:00     147.245    149.8908    -0.012382
2024-06-06   4882337.0  146.3675  145.500  146.42  147.0000  144.6600   90058 2024-06-06 04:00:00     146.537    149.7038     0.003083
2024-06-07   4714895.0  147.3662  146.680  147.08  148.3000  146.3400   72842 2024-06-07 04:00:00     146.275    149.4862     0.004508
2024-06-10   5552589.0  146.7520  146.530  147.13  147.5600  145.6000  100877 2024-06-10 04:00:00     146.291    149.2650     0.000340
2024-06-11   5314804.0  146.4714  146.810  146.76  147.1600  145.4400   90546 2024-06-11 04:00:00     146.529    149.0446    -0.002515
2024-06-12   5695275.0  145.6429  147.060  145.41  147.2100  144.7800  108195 2024-06-12 04:00:00     146.626    148.7982    -0.009199
2024-06-13   5135626.0  145.1524  145.070  145.45  146.0000  143.8800   89628 2024-06-13 04:00:00     146.643    148.6220     0.000275
2024-06-14   3787095.0  145.3028  145.140  145.54  145.9700  144.4800   77905 2024-06-14 04:00:00     146.530    148.4828     0.000619
2024-06-17   5288586.0  145.7569  145.020  145.95  146.4300  144.7400   96606 2024-06-17 04:00:00     146.351    148.3540     0.002817
2024-06-18   5889174.0  145.6532  145.960  145.65  146.3900  145.2650   93749 2024-06-18 04:00:00     146.136    148.2352    -0.002055
2024-06-20   7953735.0  147.1375  145.270  147.78  148.0800  145.0100  121255 2024-06-20 04:00:00     146.317    148.1450     0.014624
2024-06-21  13954223.0  148.5819  147.890  148.75  149.0800  147.3700  101691 2024-06-21 04:00:00     146.550    148.1160     0.006564
2024-06-24   6286913.0  149.1183  149.000  149.12  149.7199  148.1700  116663 2024-06-24 04:00:00     146.754    148.1226     0.002487
2024-06-25   5661120.0  147.5913  149.180  147.19  149.2000  146.9400   92138 2024-06-25 04:00:00     146.760    148.1160    -0.012943
2024-06-26   5053895.0  146.7276  146.200  146.82  147.1900  145.7800   87301 2024-06-26 04:00:00     146.766    148.1006    -0.002514
2024-06-27   5560030.0  145.8982  146.800  145.80  147.3600  144.8400  100007 2024-06-27 04:00:00     146.805    148.1276    -0.006947
2024-06-28   9836464.0  146.2291  146.040  146.16  147.0700  145.6500  102859 2024-06-28 04:00:00     146.876    148.1554     0.002469
2024-07-01   5033591.0  146.5943  146.070  146.44  148.7000  145.6201  102261 2024-07-01 04:00:00     146.966    148.1694     0.001916
2024-07-02   5320930.0  146.1650  146.430  146.03  147.1500  145.7400   96861 2024-07-02 04:00:00     146.974    148.1318    -0.002800
2024-07-03   3190494.0  145.3548  146.200  145.69  146.6500  144.7400   70834 2024-07-03 04:00:00     146.978    148.0632    -0.002328
2024-07-05   4690682.0  145.7879  145.770  146.48  146.5500  144.5000   97119 2024-07-05 04:00:00     146.848    148.0016     0.005422
2024-07-08   4594954.0  145.8494  146.400  145.48  147.2200  145.2500   95977 2024-07-08 04:00:00     146.521    147.9406    -0.006827
2024-07-09   5706992.0  146.5974  145.670  147.05  147.1300  145.1800   95629 2024-07-09 04:00:00     146.314    147.9452     0.010792
2024-07-10   5962365.0  148.6257  147.260  149.43  149.4700  146.6800  101139 2024-07-10 04:00:00     146.538    148.0110     0.016185
2024-07-11   5933000.0  149.6957  149.580  149.70  150.5800  148.6400  110861 2024-07-11 04:00:00     146.826    148.0686     0.001807
2024-07-12   4857107.0  150.1011  150.000  149.88  150.8800  149.2400  111216 2024-07-12 04:00:00     147.234    148.1744     0.001202
2024-07-15   6605583.0  149.3362  150.080  149.24  150.2500  148.8700  109308 2024-07-15 04:00:00     147.542    148.1356    -0.004270
2024-07-16   6300768.0  150.5575  149.690  151.01  151.0800  149.1600  132820 2024-07-16 04:00:00     147.999    148.1574     0.011860
2024-07-17  13336479.0  155.9153  151.550  156.58  157.4900  151.4150  197236 2024-07-17 04:00:00     149.054    148.3036     0.036885
2024-07-18   9186068.0  156.0087  155.600  155.42  157.0700  154.6200  163643 2024-07-18 04:00:00     150.027    148.4404    -0.007408
2024-07-19   6609411.0  154.9408  156.510  154.69  156.5100  154.1200  109366 2024-07-19 04:00:00     150.848    148.5598    -0.004697
2024-07-22   6412805.0  154.3036  154.770  154.24  155.1100  153.5900  121069 2024-07-22 04:00:00     151.724    148.6656    -0.002909
2024-07-23   5776209.0  152.4802  153.310  152.35  153.5000  151.5700  103987 2024-07-23 04:00:00     152.254    148.7156    -0.012254
2024-07-24   6793451.0  155.4313  152.760  156.28  156.4100  152.3300  129393 2024-07-24 04:00:00     152.939    148.8430     0.025796
2024-07-25   9640649.0  159.4495  156.480  159.64  160.5800  156.0000  151525 2024-07-25 04:00:00     153.933    149.0114     0.021500
2024-07-26   8030449.0  160.8824  159.750  160.64  161.5800  159.4724  122407 2024-07-26 04:00:00     155.009    149.1966     0.006264
2024-07-29   5404524.0  159.0737  159.970  158.56  160.0000  158.0500  108096 2024-07-29 04:00:00     155.941    149.3144    -0.012948
2024-07-30   6213203.0  160.6445  158.540  161.33  161.5500  158.3600  111296 2024-07-30 04:00:00     156.973    149.4554     0.017470
2024-07-31   7975249.0  158.6215  159.850  157.85  160.3500  157.7400  116809 2024-07-31 04:00:00     157.100    149.5196    -0.021571
2024-08-01   6869668.0  159.8268  158.480  160.76  160.8100  157.7100  114713 2024-08-01 04:00:00     157.634    149.7094     0.018435
2024-08-02  10735064.0  163.1434  161.900  164.14  164.8500  161.0000  160138 2024-08-02 04:00:00     158.579    149.9674     0.021025
2024-08-05  11637350.0  162.1974  163.795  161.25  165.7800  160.5800  187098 2024-08-05 04:00:00     159.280    150.1224    -0.017607
2024-08-06   7077320.0  159.6844  161.050  158.97  161.4800  158.9400  113957 2024-08-06 04:00:00     159.942    150.3078    -0.014140
2024-08-07   5522966.0  159.3058  158.870  158.90  160.6150  158.1900   94031 2024-08-07 04:00:00     160.204    150.5464    -0.000440
2024-08-08   4820200.0  160.0862  158.570  160.22  160.7000  158.0300   89222 2024-08-08 04:00:00     160.262    150.8632     0.008307
2024-08-09   4351397.0  160.4210  160.120  160.62  160.9300  159.3400   84677 2024-08-09 04:00:00     160.260    151.1868     0.002497
2024-08-12   7396958.0  159.9393  160.970  159.88  161.7000  158.7100  114680 2024-08-12 04:00:00     160.392    151.4788    -0.004607
2024-08-13   8895804.0  158.1527  160.270  158.39  160.3700  156.4400  121533 2024-08-13 04:00:00     160.098    151.7132    -0.009319
2024-08-14   4725436.0  158.5995  157.830  158.48  159.5500  157.4000   84192 2024-08-14 04:00:00     160.161    151.9280     0.000568
2024-08-15   6096891.0  158.8801  158.370  159.09  159.4950  157.8400   94299 2024-08-15 04:00:00     159.994    152.1538     0.003849
2024-08-16   4693234.0  159.2450  159.140  159.39  159.9400  158.1800   83245 2024-08-16 04:00:00     159.519    152.4222     0.001886
2024-08-19   3751174.0  159.6701  159.460  159.63  160.2950  159.1300   79340 2024-08-19 04:00:00     159.357    152.6864     0.001506
2024-08-20   5914933.0  160.0362  160.000  160.16  160.9300  159.6700   74682 2024-08-20 04:00:00     159.476    152.9480     0.003320
2024-08-21   4301675.0  161.0565  160.400  161.43  161.4800  160.3100   76679 2024-08-21 04:00:00     159.729    153.2340     0.007930
2024-08-22   5528795.0  161.7962  162.000  162.35  162.4900  160.7900   87370 2024-08-22 04:00:00     159.942    153.5458     0.005699
2024-08-23   6449157.0  163.2792  162.500  164.13  164.2200  161.6950  100888 2024-08-23 04:00:00     160.293    153.9202     0.010964
2024-08-26   5934946.0  164.6959  164.170  164.61  165.7100  163.5400  105047 2024-08-26 04:00:00     160.766    154.3034     0.002925
2024-08-27   4307944.0  162.9105  163.500  162.95  164.0350  162.1600   74055 2024-08-27 04:00:00     161.222    154.6516    -0.010084
2024-08-28   4949831.0  164.0969  163.000  163.92  165.0000  162.7100   93334 2024-08-28 04:00:00     161.766    155.0110     0.005953
2024-08-29   6461464.0  164.2231  164.630  164.23  164.7200  163.3600   81903 2024-08-29 04:00:00     162.280    155.3826     0.001891
2024-08-30   7022559.0  165.1589  164.120  165.86  165.9800  163.8100   91612 2024-08-30 04:00:00     162.927    155.7442     0.009925
2024-09-03   6603093.0  166.9231  165.240  167.16  167.8100  164.7700  129287 2024-09-03 04:00:00     163.680    156.1124     0.007838
2024-09-04   6420522.0  167.3894  167.810  167.36  168.8500  166.0400  112807 2024-09-04 04:00:00     164.400    156.4772     0.001196
2024-09-05   4385318.0  165.6074  167.200  164.99  167.3700  164.8300   96382 2024-09-05 04:00:00     164.756    156.8332    -0.014161
2024-09-06   4774190.0  164.6997  165.180  164.38  165.9399  164.1200   87362 2024-09-06 04:00:00     164.959    157.1844    -0.003697
2024-09-09   6838553.0  166.5740  164.840  166.61  167.4050  164.4700  112822 2024-09-09 04:00:00     165.207    157.6006     0.013566
2024-09-10   6357104.0  167.4530  167.500  167.38  168.4600  166.7450   96555 2024-09-10 04:00:00     165.484    158.0250     0.004622
2024-09-11   5514135.0  164.9542  166.790  164.82  166.7900  164.0900  104628 2024-09-11 04:00:00     165.671    158.3926    -0.015295
2024-09-12   4409474.0  164.1645  164.200  164.64  165.1000  162.7101   88014 2024-09-12 04:00:00     165.743    158.7648    -0.001092
2024-09-13   3448153.0  165.2595  164.740  165.52  165.7500  163.8200   86595 2024-09-13 04:00:00     165.872    159.1614     0.005345
2024-09-16   3853346.0  166.6814  166.360  166.99  167.2500  165.7800   89354 2024-09-16 04:00:00     165.985    159.5716     0.008881
2024-09-17   4791100.0  166.9997  166.240  167.07  167.7200  165.9300   92820 2024-09-17 04:00:00     165.976    160.0034     0.000479
2024-09-18   4569886.0  166.7461  166.630  166.15  168.3500  165.7400   90793 2024-09-18 04:00:00     165.855    160.3854    -0.005507
2024-09-19   4687451.0  165.0334  166.230  164.82  166.3700  164.4200   95871 2024-09-19 04:00:00     165.838    160.6932    -0.008005
2024-09-20  10085658.0  164.2067  164.300  164.16  164.8700  163.5500   95105 2024-09-20 04:00:00     165.816    160.9824    -0.004004
2024-09-23   4580605.0  163.1738  164.400  163.22  164.5000  162.7200   93742 2024-09-23 04:00:00     165.477    161.2492    -0.005726
2024-09-24   5464557.0  162.6448  162.790  162.78  163.4900  161.5500   94789 2024-09-24 04:00:00     165.017    161.5200    -0.002696
2024-09-25   5083403.0  160.9599  163.000  160.60  163.3150  160.3600   99407 2024-09-25 04:00:00     164.595    161.7118    -0.013392
2024-09-26   5851166.0  161.0591  160.240  161.39  161.5400  160.0200   85859 2024-09-26 04:00:00     164.270    161.8080     0.004919
2024-09-27   6329864.0  161.8761  162.000  161.40  163.4300  161.3400   90302 2024-09-27 04:00:00     163.858    161.9276     0.000062
2024-09-30   5336812.0  161.6586  161.570  162.06  162.1800  160.6800   89214 2024-09-30 04:00:00     163.365    162.0750     0.004089
2024-10-01   4129145.0  161.9311  162.430  161.99  162.7500  161.1800   87511 2024-10-01 04:00:00     162.857    162.2300    -0.000432
2024-10-02   4402441.0  161.3494  161.510  161.17  162.1200  160.6500   83622 2024-10-02 04:00:00     162.359    162.4064    -0.005062
2024-10-03   4331411.0  160.6898  160.780  160.50  161.4400  160.2200   84435 2024-10-03 04:00:00     161.927    162.4908    -0.004157
2024-10-04   4628658.0  159.8360  159.630  160.29  160.5000  158.7750   99939 2024-10-04 04:00:00     161.540    162.5038    -0.001308
2024-10-07   4102574.0  159.8515  160.250  159.53  160.8600  159.2200   83020 2024-10-07 04:00:00     161.171    162.4816    -0.004741
2024-10-08   4228803.0  159.5382  159.490  159.69  160.2450  158.9500   66140 2024-10-08 04:00:00     160.862    162.5042     0.001003
2024-10-09   5479793.0  160.5030  159.920  160.65  161.2150  159.5100   90222 2024-10-09 04:00:00     160.867    162.4906     0.006012
2024-10-10   4610612.0  160.5249  161.360  160.51  161.3900  159.9950   89967 2024-10-10 04:00:00     160.779    162.5438    -0.000871
2024-10-11   5061990.0  161.6504  162.180  161.46  162.6600  161.2000   91493 2024-10-11 04:00:00     160.785    162.5578     0.005919
2024-10-14   5879355.0  161.6201  161.400  161.60  162.1400  160.9000  109554 2024-10-14 04:00:00     160.739    162.5070     0.000867
2024-10-15   9948364.0  163.9467  160.000  164.10  166.7500  159.0000  164404 2024-10-15 04:00:00     160.950    162.5640     0.015470
2024-10-16   5606031.0  164.3298  164.000  164.28  164.9900  162.6400   98060 2024-10-16 04:00:00     161.261    162.6702     0.001097
2024-10-17   4611663.0  164.3806  164.260  164.47  165.0000  163.6300   88001 2024-10-17 04:00:00     161.658    162.7816     0.001157
2024-10-18   5559937.0  164.8623  164.890  165.12  165.2896  163.9300   82363 2024-10-18 04:00:00     162.141    162.8796     0.003952
2024-10-21   5974449.0  163.2086  165.100  162.83  165.2500  162.3100   98144 2024-10-21 04:00:00     162.471    162.9238    -0.013869
2024-10-22   5146761.0  163.3072  162.320  163.45  163.7300  161.9000   76289 2024-10-22 04:00:00     162.847    162.9952     0.003808
2024-10-23   7242377.0  164.8561  162.820  165.86  166.0000  162.4200  112115 2024-10-23 04:00:00     163.368    163.1446     0.014745
2024-10-24   5162576.0  163.9097  165.000  163.67  165.5100  163.3400   89809 2024-10-24 04:00:00     163.684    163.2484    -0.013204
2024-10-25   6210134.0  161.4855  163.680  160.88  163.9200  160.6100  110245 2024-10-25 04:00:00     163.626    163.2842    -0.017046
2024-10-28   4541429.0  161.6102  161.130  161.60  161.9700  161.0000   82917 2024-10-28 04:00:00     163.626    163.3284     0.004475
2024-10-29   4855028.0  160.8880  161.460  160.09  162.1700  160.0600   91560 2024-10-29 04:00:00     163.225    163.3376    -0.009344
2024-10-30   5123408.0  160.5649  159.450  160.61  161.2800  159.0302   91724 2024-10-30 04:00:00     162.858    163.3466     0.003248
2024-10-31   8056878.0  160.1553  159.990  159.86  160.8700  159.4600  104781 2024-10-31 04:00:00     162.397    163.3152    -0.004670
2024-11-01   4516815.0  160.4261  160.580  160.13  161.0600  159.8800   84438 2024-11-01 04:00:00     161.898    163.2708     0.001689
2024-11-04   4295896.0  158.6210  159.700  158.24  160.2800  158.0700   93319 2024-11-04 05:00:00     161.439    163.1530    -0.011803
2024-11-05   6140138.0  157.9439  157.670  158.35  158.5900  156.3500   89433 2024-11-05 05:00:00     160.929    163.0278     0.000695
2024-11-06   8247000.0  158.1403  159.900  157.88  160.8500  157.3550  131535 2024-11-06 05:00:00     160.131    162.9264    -0.002968
2024-11-07   7239812.0  156.9895  158.470  156.73  158.7500  156.5100  116039 2024-11-07 05:00:00     159.437    162.7826    -0.007284
2024-11-08   8644434.0  155.9074  157.000  155.47  157.0800  155.4100  120319 2024-11-08 05:00:00     158.896    162.6074    -0.008039
2024-11-11   6712939.0  155.6053  155.620  155.04  157.5800  154.9100   98613 2024-11-11 05:00:00     158.240    162.3910    -0.002766
2024-11-12   6546375.0  153.0694  154.530  152.64  155.0400  152.3700   96461 2024-11-12 05:00:00     157.495    162.1006    -0.015480
2024-11-13   6738036.0  152.9019  152.500  153.24  153.5100  151.4245   87943 2024-11-13 05:00:00     156.758    161.8182     0.003931
2024-11-14   7096959.0  152.0509  153.180  151.87  153.5918  150.7600  111723 2024-11-14 05:00:00     155.959    161.5558    -0.008940
2024-11-15  10142176.0  153.4077  150.900  154.00  154.4300  150.9000  123305 2024-11-15 05:00:00     155.346    161.3482     0.014025
2024-11-18   6969007.0  154.4952  152.590  154.77  155.3300  152.3300   99882 2024-11-18 05:00:00     154.999    161.1114     0.005000
2024-11-19   7703325.0  152.7622  153.945  153.00  153.9900  152.0500   95454 2024-11-19 05:00:00     154.464    160.8238    -0.011436
2024-11-20   7276125.0  152.8026  153.030  153.11  153.2500  151.8100   76649 2024-11-20 05:00:00     153.987    160.5896     0.000719
2024-11-21   8738510.0  155.0342  153.620  155.50  156.0600  152.8100  102789 2024-11-21 05:00:00     153.864    160.4068     0.015610
2024-11-22   7301819.0  155.2610  155.900  155.17  157.1150  154.1100   96480 2024-11-22 05:00:00     153.834    160.1998    -0.002122
2024-11-25  11114482.0  155.8964  155.170  155.78  157.0350  155.1400   95884 2024-11-25 05:00:00     153.908    159.9756     0.003931
2024-11-26   5467745.0  154.1668  155.160  154.52  155.2500  153.1600   79260 2024-11-26 05:00:00     154.096    159.7246    -0.008088
2024-11-27   3976411.0  155.6582  154.630  155.40  156.6300  154.6000   64257 2024-11-27 05:00:00     154.312    159.5096     0.005695
2024-11-29   5169235.0  155.2163  154.890  155.01  155.6700  154.1690   51108 2024-11-29 05:00:00     154.626    159.3134    -0.002510
2024-12-02   5521810.0  154.6851  154.750  154.80  155.0000  153.9258   77963 2024-12-02 05:00:00     154.706    159.1262    -0.001355
2024-12-03   8195726.0  153.0183  154.800  152.36  154.8000  152.3050   86944 2024-12-03 05:00:00     154.465    158.9090    -0.015762
2024-12-04   8579451.0  150.4752  151.290  150.47  151.5600  149.7500  106250 2024-12-04 05:00:00     154.212    158.6628    -0.012405
2024-12-05   7278000.0  149.5644  150.000  149.52  150.3800  148.9500  100742 2024-12-05 05:00:00     153.853    158.4412    -0.006314
2024-12-06   8189567.0  149.1419  149.390  149.31  150.0500  148.3800   94262 2024-12-06 05:00:00     153.234    158.1996    -0.001404
2024-12-09   7306043.0  149.7724  149.290  149.60  150.8900  148.4400  102073 2024-12-09 05:00:00     152.677    157.9636     0.001942