                 v_JPM        vw    o_JPM   c_JPM     h_JPM     l_JPM       n                 t_a  JPM_SMA_10  JPM_SMA_50  JPM_Returns
t                                                                                                                                     
2023-12-11   8093908.0  158.9134  158.520  159.10  159.3000  158.1500   94920 2023-12-11 05:00:00     156.746    147.6428     0.003659
2023-12-12  10222978.0  160.2054  159.230  160.52  160.6450  158.8800  100531 2023-12-12 05:00:00     157.444    147.9778     0.008925
2023-12-13  12379098.0  160.8838  160.520  161.06  162.0300  159.7700  115628 2023-12-13 05:00:00     158.118    148.3448     0.003364
2023-12-14  13642990.0  163.5548  161.830  163.99  164.8399  161.7050  157681 2023-12-14 05:00:00     158.909    148.7576     0.018192
2023-12-15  20274148.0  164.5975  163.080  165.23  165.2800  162.3900  138045 2023-12-15 05:00:00     159.748    149.2042     0.007561
2023-12-18   8469608.0  166.2396  165.920  166.23  167.1300  165.6300  111567 2023-12-18 05:00:00     160.572    149.6268     0.006052
2023-12-19   9994691.0  167.7227  166.000  168.45  168.4700  165.5500   97711 2023-12-19 05:00:00     161.620    150.1004     0.013355
2023-12-20  10698709.0  167.6426  167.990  166.55  169.4100  166.4500  109662 2023-12-20 05:00:00     162.644    150.5184    -0.011279
2023-12-21   7601678.0  166.9735  166.840  167.50  168.0900  165.6750  101395 2023-12-21 05:00:00     163.715    150.9454     0.005704
2023-12-22   6576322.0  167.6039  167.500  167.40  168.2300  167.2300   80067 2023-12-22 05:00:00     164.603    151.3772    -0.000597
2023-12-26   4683605.0  168.3705  167.460  168.39  168.7650  167.1800   69820 2023-12-26 05:00:00     165.532    151.7850     0.005914
2023-12-27   6400443.0  169.0729  167.840  169.40  169.4700  167.5800   78092 2023-12-27 05:00:00     166.420    152.2160     0.005998
2023-12-28   6320129.0  170.2257  169.350  170.30  170.6600  168.9950   85073 2023-12-28 05:00:00     167.344    152.6714     0.005313
2023-12-29   6435102.0  170.1627  170.000  170.10  170.6900  169.6300   77623 2023-12-29 05:00:00     167.955    153.1552    -0.001174
2024-01-02   9977424.0  171.2847  169.090  172.08  172.1700  168.9100  126498 2024-01-02 05:00:00     168.640    153.6910     0.011640
2024-01-03   9852335.0  171.3335  171.860  171.33  172.0400  170.3700  120031 2024-01-03 05:00:00     169.150    154.2586    -0.004358
2024-01-04  11972545.0  172.0197  170.640  171.41  173.3500  170.5400  127133 2024-01-04 05:00:00     169.446    154.8668     0.000467
2024-01-05  10066029.0  172.4640  171.470  172.27  173.3800  171.4700  121034 2024-01-05 05:00:00     170.018    155.4888     0.005017
2024-01-08  11177716.0  171.0314  172.020  172.02  172.3600  169.4850  120774 2024-01-08 05:00:00     170.470    156.1212    -0.001451
2024-01-09   9923630.0  170.7261  171.620  170.66  171.7900  170.0950  116625 2024-01-09 05:00:00     170.796    156.7192    -0.007906
2024-01-10   9670218.0  170.2166  170.000  171.02  171.0800  168.9500  112314 2024-01-10 05:00:00     171.059    157.4258     0.002109
2024-01-11  11818248.0  169.6497  170.330  170.30  170.3600  168.6401  129044 2024-01-11 05:00:00     171.149    158.0834    -0.004210
2024-01-12  19436504.0  171.5528  173.800  169.05  176.3100  168.9000  214252 2024-01-12 05:00:00     171.024    158.6832    -0.007340
2024-01-16  17206420.0  166.8740  164.870  167.99  168.0900  164.3000  189670 2024-01-16 05:00:00     170.813    159.2642    -0.006270
2024-01-17  11107466.0  167.4618  167.340  167.09  169.0700  166.4900  129330 2024-01-17 05:00:00     170.314    159.7776    -0.005357
2024-01-18   9322255.0  166.5874  167.120  167.42  167.5300  165.2400  125019 2024-01-18 05:00:00     169.923    160.2660     0.001975
2024-01-19  13115664.0  169.4246  167.550  170.31  170.5700  167.0800  136206 2024-01-19 05:00:00     169.813    160.7906     0.017262
2024-01-22  12837505.0  170.5520  170.460  170.11  171.9803  169.7100  141845 2024-01-22 05:00:00     169.597    161.3126    -0.001174
2024-01-23   8348929.0  169.0759  169.670  168.99  169.7500  168.4400  109215 2024-01-23 05:00:00     169.294    161.7980    -0.006584
2024-01-24   9966060.0  170.3658  169.360  170.50  171.0100  168.8627  116089 2024-01-24 05:00:00     169.278    162.3222     0.008935
2024-01-25   8873481.0  172.2758  172.310  172.94  172.9900  170.9050  114202 2024-01-25 05:00:00     169.470    162.8524     0.014311
2024-01-26   7442955.0  172.4065  172.610  172.28  173.0600  171.7800  109372 2024-01-26 05:00:00     169.668    163.3824    -0.003816
2024-01-29   6971192.0  172.2448  172.240  172.73  172.8400  171.3000   91879 2024-01-29 05:00:00     170.036    163.8682     0.002612
2024-01-30  10822075.0  175.5686  172.830  176.27  176.7603  172.8300  126763 2024-01-30 05:00:00     170.864    164.3988     0.020494
2024-01-31  11503320.0  175.8247  176.200  174.36  178.3000  174.3400  142722 2024-01-31 05:00:00     171.591    164.8570    -0.010836
2024-02-01   9340048.0  173.2619  173.640  173.73  174.8400  171.4300  122037 2024-02-01 05:00:00     172.222    165.2752    -0.003613
2024-02-02   8607839.0  174.7837  173.300  174.73  175.8162  173.2600  111119 2024-02-02 05:00:00     172.664    165.7040     0.005756
2024-02-05   7820160.0  174.2824  173.860  174.50  175.0900  172.9200   95895 2024-02-05 05:00:00     173.103    166.1346    -0.001316
2024-02-06   6737414.0  174.7172  174.610  175.10  175.8700  173.7600   96259 2024-02-06 05:00:00     173.714    166.5700     0.003438
2024-02-07   7225478.0  175.1375  175.690  175.43  175.8700  173.9600   93011 2024-02-07 05:00:00     174.207    167.0078     0.001885
2024-02-08   6043485.0  174.4885  175.000  174.80  175.3058  173.5700   87458 2024-02-08 05:00:00     174.393    167.4400    -0.003591
2024-02-09   6296729.0  174.6923  175.000  175.01  175.1000  173.6731   86426 2024-02-09 05:00:00     174.666    167.8694     0.001201
2024-02-12   8539316.0  175.7536  174.780  175.79  176.8080  173.7000   99614 2024-02-12 05:00:00     174.972    168.2988     0.004457
2024-02-13   8397631.0  174.1701  175.320  174.26  176.2299  172.6150  119866 2024-02-13 05:00:00     174.771    168.6624    -0.008704
2024-02-14   7056664.0  175.3862  175.070  176.03  176.1000  174.4200   92056 2024-02-14 05:00:00     174.938    169.0462     0.010157
2024-02-15   8723390.0  179.3023  176.150  179.87  180.2100  176.1500  120899 2024-02-15 05:00:00     175.552    169.4838     0.021814
2024-02-16   8010147.0  178.9673  179.610  179.03  179.9800  178.1600   99552 2024-02-16 05:00:00     175.982    169.9050    -0.004670
2024-02-20   9665709.0  179.7376  179.190  179.73  180.4600  178.4050  103048 2024-02-20 05:00:00     176.505    170.3734     0.003910
2024-02-21   7027857.0  180.2036  179.950  180.90  180.9900  178.5200   96763 2024-02-21 05:00:00     177.085    170.8556     0.006510
2024-02-22   9296459.0  182.7883  181.820  183.07  183.4200  181.2400  111935 2024-02-22 05:00:00     177.849    171.3466     0.011996
2024-02-23   7105833.0  184.1960  183.810  183.99  185.2000  183.1900  108274 2024-02-23 05:00:00     178.768    171.8444     0.005025
2024-02-26   7145391.0  183.3274  183.750  183.36  184.4600  182.4800   98131 2024-02-26 05:00:00     179.603    172.3012    -0.003424
2024-02-27   5662565.0  182.9531  183.310  183.45  183.5400  182.2400   88774 2024-02-27 05:00:00     180.369    172.7490     0.000491
2024-02-28   6131608.0  184.4134  183.430  184.38  185.2000  182.9600   90914 2024-02-28 05:00:00     181.381    173.1568     0.005070
2024-02-29   9643012.0  185.5710  185.660  186.06  186.4300  183.8500  100056 2024-02-29 05:00:00     182.384    173.5734     0.009112
2024-03-01   6311996.0  185.4901  185.700  185.29  186.4400  185.1000   93782 2024-03-01 05:00:00     182.926    173.9546    -0.004138
2024-03-04   7063605.0  186.6475  184.710  186.68  187.5900  184.2700  113139 2024-03-04 05:00:00     183.691    174.3192     0.007502
2024-03-05   6617832.0  188.3160  186.360  188.55  189.3000  186.3600  109772 2024-03-05 05:00:00     184.573    174.7592     0.010017
2024-03-06   7572891.0  189.4046  189.250  189.53  190.0700  187.6300  118929 2024-03-06 05:00:00     185.436    175.1998     0.005198
2024-03-07   7618277.0  188.1675  189.910  187.87  190.5000  186.6300  107504 2024-03-07 05:00:00     185.916    175.6092    -0.008759
2024-03-08   6172199.0  188.7037  188.440  188.22  190.4550  187.9200   98917 2024-03-08 05:00:00     186.339    176.0058     0.001863
2024-03-11   5762569.0  187.5541  187.280  188.29  188.4400  186.2200   96839 2024-03-11 04:00:00     186.832    176.3836     0.000372
2024-03-12   5708384.0  189.5245  188.950  189.84  190.1600  187.9100   88346 2024-03-12 04:00:00     187.471    176.7744     0.008232
2024-03-13   7795535.0  191.2072  190.360  191.38  191.7300  189.8400  107982 2024-03-13 04:00:00     188.171    177.2000     0.008112
2024-03-14  10310948.0  188.5664  191.030  187.97  191.6300  187.1030  134594 2024-03-14 04:00:00     188.362    177.5178    -0.017818
2024-03-15  17214229.0  189.6294  186.480  190.30  190.9400  186.4800  137652 2024-03-15 04:00:00     188.863    177.8972     0.012396
2024-03-18   9013713.0  192.0158  190.630  192.66  192.7000  189.8900  109664 2024-03-18 04:00:00     189.461    178.3222     0.012401
2024-03-19   8475517.0  193.4709  192.710  193.79  193.9300  192.3800  103993 2024-03-19 04:00:00     189.985    178.7526     0.005865
2024-03-20   9367043.0  195.6171  194.190  196.33  196.5600  193.6100  129684 2024-03-20 04:00:00     190.665    179.2388     0.013107
2024-03-21  11203796.0  198.6853  196.520  199.06  199.4300  196.3300  139164 2024-03-21 04:00:00     191.784    179.8068     0.013905
2024-03-22   8108840.0  197.5226  199.010  196.62  200.4800  196.5400  109826 2024-03-22 04:00:00     192.624    180.3188    -0.012258
2024-03-25   8577015.0  195.1180  196.600  194.82  196.9400  194.3600  117615 2024-03-25 04:00:00     193.277    180.8092    -0.009155
2024-03-26   5961484.0  195.7978  194.590  195.73  196.6600  194.0554   93555 2024-03-26 04:00:00     193.866    181.3428     0.004671
2024-03-27   8725757.0  198.3335  196.500  199.52  199.6000  196.3800  104834 2024-03-27 04:00:00     194.680    181.9734     0.019363
2024-03-28   8628313.0  200.0362  199.490  200.30  200.7200  198.5400  113186 2024-03-28 04:00:00     195.913    182.6376     0.003909
2024-04-01   7309009.0  199.1407  199.990  198.94  200.9400  198.5650  110845 2024-04-01 04:00:00     196.777    183.2680    -0.006790
2024-04-02   7014683.0  198.8779  198.390  198.86  199.7800  198.0800  101851 2024-04-02 04:00:00     197.397    183.8390    -0.000402
2024-04-03   9353426.0  198.5897  199.040  198.30  199.5600  197.7000  119186 2024-04-03 04:00:00     197.848    184.4028    -0.002816
2024-04-04   9243793.0  197.5601  199.150  195.65  199.6800  195.5500  124155 2024-04-04 04:00:00     197.780    184.9360    -0.013364
2024-04-05   6532278.0  197.0448  196.160  197.45  198.1224  195.1100  111367 2024-04-05 04:00:00     197.619    185.4750     0.009200
2024-04-08   8000963.0  198.3801  197.620  198.48  198.9800  197.6200  118390 2024-04-08 04:00:00     197.805    185.9858     0.005217
2024-04-09   7334031.0  196.7020  198.070  197.15  198.8800  194.9100  110849 2024-04-09 04:00:00     198.038    186.4832    -0.006701
2024-04-10   7681377.0  195.4359  195.550  195.47  197.0700  194.1800  129335 2024-04-10 04:00:00     198.012    186.9380    -0.008521
2024-04-11  10133789.0  195.2223  196.000  195.43  196.5700  193.2400  149508 2024-04-11 04:00:00     197.603    187.3212    -0.000205
2024-04-12  31532308.0  184.9688  188.320  182.79  188.9300  182.5400  377969 2024-04-12 04:00:00     195.852    187.4898    -0.064678
2024-04-15  14266551.0  184.4365  184.500  182.89  187.4600  182.1950  203260 2024-04-15 04:00:00     194.247    187.6730     0.000547
2024-04-16  15790397.0  180.7366  182.900  180.80  183.1600  179.6500  208773 2024-04-16 04:00:00     192.441    187.7944    -0.011428
2024-04-17   8893394.0  180.4756  181.370  180.08  182.4199  179.2000  133224 2024-04-17 04:00:00     190.619    187.9060    -0.003982
2024-04-18   9103239.0  181.6465  181.100  181.25  183.3600  179.9700  124272 2024-04-18 04:00:00     189.179    188.0290     0.006497
2024-04-19  12605694.0  184.4451  182.400  185.80  185.8800  181.4100  148635 2024-04-19 04:00:00     188.014    188.2364     0.025103
2024-04-22  10982074.0  188.5942  185.990  189.41  190.1250  185.9800  137857 2024-04-22 04:00:00     187.107    188.5286     0.019429
2024-04-23   8536013.0  191.6849  191.130  192.14  192.2250  190.5200  126273 2024-04-23 04:00:00     186.606    188.8712     0.014413
2024-04-24   6803689.0  192.1976  190.530  193.08  193.2300  190.1700  113813 2024-04-24 04:00:00     186.367    189.2170     0.004892
2024-04-25   8521858.0  192.9984  192.250  193.37  193.9350  191.1800  119020 2024-04-25 04:00:00     186.161    189.5992     0.001502
2024-04-26   6219221.0  193.8139  193.570  193.49  194.8700  193.0600   94289 2024-04-26 04:00:00     187.231    189.9484     0.000621
2024-04-29   5272892.0  193.4010  193.480  193.28  194.2600  192.4300   93319 2024-04-29 04:00:00     188.270    190.2166    -0.001085
2024-04-30   8003262.0  192.7654  192.810  191.74  194.9900  191.6400  116297 2024-04-30 04:00:00     189.364    190.4708    -0.007968
2024-05-01   7010946.0  192.3338  192.270  191.86  194.4600  190.7900  122811 2024-05-01 04:00:00     190.542    190.7134     0.000626
2024-05-02   6195276.0  191.2237  193.070  191.66  193.5000  189.5200  103843 2024-05-02 04:00:00     191.583    190.9286    -0.001042
2024-05-03   8854081.0  190.3511  192.000  190.51  192.5290  188.4600  134420 2024-05-03 04:00:00     192.054    191.0774    -0.006000
2024-05-06   7392533.0  191.1408  191.730  192.00  192.2000  189.8150  125562 2024-05-06 04:00:00     192.313    191.2376     0.007821
2024-05-07   7518051.0  192.1622  191.700  191.75  192.9300  191.6500  115103 2024-05-07 04:00:00     192.274    191.4054    -0.001302
2024-05-08   9142478.0  194.2654  191.000  195.65  196.6500  191.0000  134441 2024-05-08 04:00:00     192.531    191.6494     0.020339
2024-05-09   7878774.0  196.8481  195.170  197.50  197.5900  195.1000  118192 2024-05-09 04:00:00     192.944    191.9118     0.009456
2024-05-10   7444731.0  198.8668  198.540  198.77  199.3399  198.2700  110117 2024-05-10 04:00:00     193.472    192.1660     0.006430
2024-05-13   6733621.0  198.8852  198.800  198.73  199.8500  198.0400   98097 2024-05-13 04:00:00     194.017    192.4348    -0.000201
2024-05-14   8486884.0  200.4248  199.000  201.51  201.5800  198.1600  124690 2024-05-14 04:00:00     194.994    192.7314     0.013989
2024-05-15   8029534.0  201.2132  202.010  202.11  202.6900  199.7700  127300 2024-05-15 04:00:00     196.019    193.0026     0.002978
2024-05-16   8301562.0  203.0404  202.220  202.47  204.4800  201.9901  123416 2024-05-16 04:00:00     197.100    193.2614     0.001781
2024-05-17   9150400.0  204.3864  203.810  204.79  205.0500  202.8149  122652 2024-05-17 04:00:00     198.528    193.5998     0.011458
2024-05-20  16766443.0  199.0832  204.390  195.58  205.8800  195.4000  226999 2024-05-20 04:00:00     198.886    193.7470    -0.044973
2024-05-21  13905556.0  198.7093  197.000  199.52  199.9000  196.6000  185044 2024-05-21 04:00:00     199.663    193.9716     0.020145
2024-05-22   9337967.0  198.9538  199.000  198.31  200.9350  197.6900  133531 2024-05-22 04:00:00     199.929    194.1410    -0.006065
2024-05-23   7772092.0  197.1525  197.810  196.92  198.3000  196.0700  109245 2024-05-23 04:00:00     199.871    194.2518    -0.007009
2024-05-24   7006112.0  200.0138  197.750  200.71  200.7600  197.5600   98109 2024-05-24 04:00:00     200.065    194.5066     0.019246
2024-05-28   6800534.0  199.4770  199.860  199.50  200.4100  198.6600  113296 2024-05-28 04:00:00     200.142    194.6906    -0.006029
2024-05-29   5609540.0  198.0948  198.000  198.11  198.9900  196.8900  100421 2024-05-29 04:00:00     199.802    194.7996    -0.006967
2024-05-30   6463099.0  199.2793  198.560  199.33  199.8500  198.4000  103479 2024-05-30 04:00:00     199.524    194.9104     0.006158
2024-05-31  13671160.0  201.6475  199.300  202.63  203.3000  198.3500  123572 2024-05-31 04:00:00     199.540    195.0364     0.016555
2024-06-03   6168123.0  201.0959  202.310  201.82  202.4200  199.1900  113418 2024-06-03 04:00:00     199.243    195.0916    -0.003997
2024-06-04   6672529.0  199.4672  200.160  199.16  201.9800  198.2800  111094 2024-06-04 04:00:00     199.601    195.1424    -0.013180
2024-06-05   8089288.0  197.7310  199.760  197.26  199.8200  196.9200  118126 2024-06-05 04:00:00     199.375    195.1912    -0.009540
2024-06-06   7496415.0  196.8285  197.260  196.91  198.0200  195.3300  108829 2024-06-06 04:00:00     199.235    195.2148    -0.001774
2024-06-07   6773725.0  199.8294  197.430  199.95  200.9200  197.0100   97269 2024-06-07 04:00:00     199.538    195.2234     0.015439
2024-06-10   5916324.0  199.5760  199.240  199.61  200.8400  198.4400  102068 2024-06-10 04:00:00     199.428    195.2096    -0.001700
2024-06-11   9112488.0  194.6513  197.910  194.36  197.9400  193.6000  132086 2024-06-11 04:00:00     198.914    195.1180    -0.026301
2024-06-12  12594939.0  192.7354  196.000  191.53  196.7200  191.3100  180092 2024-06-12 04:00:00     198.256    194.9714    -0.014561
2024-06-13   8473435.0  193.1552  192.320  193.66  194.5800  190.8800  111430 2024-06-13 04:00:00     197.689    194.8786     0.011121
2024-06-14   6523075.0  193.4749  191.450  193.78  194.8600  191.4200   99271 2024-06-14 04:00:00     196.804    194.8412     0.000620
2024-06-17   8008638.0  194.7490  193.480  194.98  195.5800  192.6400  110356 2024-06-17 04:00:00     196.120    194.7918     0.006193
2024-06-18   8601737.0  196.7457  194.600  197.00  197.9600  194.1300  113377 2024-06-18 04:00:00     195.904    194.7622     0.010360
2024-06-20   8281076.0  197.9642  196.390  198.67  199.4500  196.1100  123085 2024-06-20 04:00:00     196.045    194.7926     0.008477
2024-06-21  19711390.0  196.0344  196.710  196.30  197.1700  194.2200  142151 2024-06-21 04:00:00     195.984    194.8092    -0.011929
2024-06-24   9499781.0  198.5864  197.810  198.88  199.2300  197.1000  135167 2024-06-24 04:00:00     195.877    194.8782     0.013143
2024-06-25   6529272.0  198.5962  198.090  198.07  200.0700  197.7400  103764 2024-06-25 04:00:00     195.723    195.1838    -0.004073
2024-06-26   7351224.0  197.2270  197.450  197.43  197.9400  196.2750  108411 2024-06-26 04:00:00     196.030    195.4746    -0.003231
2024-06-27   7448593.0  198.9616  197.440  199.17  199.8600  196.9000  102979 2024-06-27 04:00:00     196.794    195.8420     0.008813
2024-06-28  14155246.0  201.8693  200.010  202.26  202.6000  199.3018  140397 2024-06-28 04:00:00     197.654    196.2856     0.015514
2024-07-01   9340169.0  205.7042  202.840  205.45  207.0900  202.6600  145715 2024-07-01 04:00:00     198.821    196.7696     0.015772
2024-07-02   7598550.0  207.3560  205.290  208.83  208.8600  204.7700  118185 2024-07-02 04:00:00     200.206    197.2302     0.016452
2024-07-03   5476170.0  208.4913  209.550  208.69  210.3800  207.6500   86986 2024-07-03 04:00:00     201.375    197.6158    -0.000670
2024-07-05   7635771.0  205.2058  206.990  204.79  207.3700  204.5200  123263 2024-07-05 04:00:00     201.987    197.8688    -0.018688
2024-07-08   8097576.0  205.1754  205.040  205.17  206.9000  203.9700  129374 2024-07-08 04:00:00     202.874    198.1106     0.001856
2024-07-09   8517579.0  207.8424  205.630  207.63  209.7600  205.4500  128290 2024-07-09 04:00:00     203.749    198.3958     0.011990
2024-07-10   7756429.0  207.2957  206.140  207.80  207.9700  205.5800  117454 2024-07-10 04:00:00     204.722    198.6820     0.000819
2024-07-11  10226544.0  207.2011  206.210  207.45  208.1000  205.3800  158410 2024-07-11 04:00:00     205.724    198.9654    -0.001684
2024-07-12  14953742.0  204.7655  204.000  204.94  207.4500  202.1000  208132 2024-07-12 04:00:00     206.301    199.2294    -0.012099
2024-07-15  10241396.0  209.5668  207.190  210.05  211.6100  206.7200  155180 2024-07-15 04:00:00     207.080    199.5932     0.024934
2024-07-16  11361272.0  211.9164  210.000  213.62  213.7400  208.0800  158113 2024-07-16 04:00:00     207.897    200.0324     0.016996
2024-07-17  11433675.0  215.9973  213.800  216.87  217.5600  213.2700  174252 2024-07-17 04:00:00     208.701    200.5596     0.015214
2024-07-18  12262552.0  211.5830  215.630  209.98  216.6350  209.2350  170990 2024-07-18 04:00:00     208.830    200.9192    -0.031770
2024-07-19   7941720.0  210.4389  211.200  209.78  212.3500  208.9200  123118 2024-07-19 04:00:00     209.329    201.2798    -0.000952
2024-07-22   7355011.0  210.5976  210.460  210.28  212.1700  209.7100  109761 2024-07-22 04:00:00     209.840    201.5724     0.002383
2024-07-23   5411283.0  210.5206  211.020  210.33  211.4750  209.3527   89144 2024-07-23 04:00:00     210.110    201.8290     0.000238
2024-07-24   6983828.0  209.5995  209.550  208.59  212.0300  208.0700  112065 2024-07-24 04:00:00     210.189    202.0254    -0.008273
2024-07-25   6256207.0  208.9997  208.650  208.67  210.1900  208.0500  113570 2024-07-25 04:00:00     210.311    202.2242     0.000384
2024-07-26   7860756.0  212.1081  209.240  212.24  213.1600  208.6200  123361 2024-07-26 04:00:00     211.041    202.4388     0.017108
2024-07-29   6408553.0  211.1866  212.650  210.85  213.6100  210.5450  112155 2024-07-29 04:00:00     211.121    202.6136    -0.006549
2024-07-30   8626368.0  214.6545  213.230  215.19  215.7900  212.9600  132744 2024-07-30 04:00:00     211.278    202.8680     0.020583
2024-07-31   8697218.0  214.1598  214.780  212.80  216.3900  212.6700  129847 2024-07-31 04:00:00     210.871    203.0282    -0.011106
2024-08-01  10551742.0  208.6483  213.200  207.96  213.8300  206.3800  155283 2024-08-01 04:00:00     210.669    203.2758    -0.022744
2024-08-02  17721911.0  199.4265  203.880  199.14  204.6700  196.8900  249094 2024-08-02 04:00:00     209.605    203.2682    -0.042412
2024-08-05  13752386.0  194.3399  194.050  194.90  196.1699  190.9000  216942 2024-08-05 04:00:00     208.067    203.2000    -0.021292
2024-08-06  10382188.0  199.8302  195.400  200.34  202.6000  194.0000  157886 2024-08-06 04:00:00     207.068    203.2684     0.027912
2024-08-07   8988150.0  202.2115  203.510  200.40  205.7500  200.2000  130319 2024-08-07 04:00:00     206.249    203.2622     0.000299
2024-08-08   7213620.0  203.8944  202.470  204.06  204.9100  201.7900  117289 2024-08-08 04:00:00     205.788    203.3534     0.018263
2024-08-09   5488248.0  205.5751  203.470  205.80  206.4700  202.9000  103621 2024-08-09 04:00:00     205.144    203.5072     0.008527
2024-08-12   6350598.0  205.9931  206.410  206.19  207.1400  203.6600   96678 2024-08-12 04:00:00     204.678    203.6444     0.001895
2024-08-13   6027173.0  207.1065  207.730  207.94  208.0900  205.4000  102027 2024-08-13 04:00:00     203.953    203.7506     0.008487
2024-08-14   6876142.0  209.5993  207.740  210.24  210.7550  207.1200   97810 2024-08-14 04:00:00     203.697    203.9190     0.011061
2024-08-15   6485966.0  211.7499  213.000  211.55  213.8900  211.1000  107560 2024-08-15 04:00:00     204.056    204.1668     0.006231
2024-08-16   7425764.0  213.4576  211.690  213.97  214.0900  211.5850   95931 2024-08-16 04:00:00     205.539    204.5010     0.011439
2024-08-19   5801491.0  215.0803  214.000  215.45  215.5300  213.8200   88210 2024-08-19 04:00:00     207.594    204.8718     0.006917
2024-08-20   5463209.0  214.6638  215.000  214.52  216.0000  213.6800   93913 2024-08-20 04:00:00     209.012    205.1632    -0.004317
2024-08-21   5083045.0  214.1445  214.430  214.60  215.0000  212.8400   86764 2024-08-21 04:00:00     210.432    205.4630     0.000373
2024-08-22   5133892.0  216.0005  214.580  216.63  216.8000  214.3350   92315 2024-08-22 04:00:00     211.689    205.9084     0.009459
2024-08-23   7087357.0  218.0347  217.600  218.31  219.1900  216.5000  107503 2024-08-23 04:00:00     212.940    206.4440     0.007755
2024-08-26   5056371.0  218.8956  219.010  219.17  219.6800  218.0500   85078 2024-08-26 04:00:00     214.238    206.9542     0.003939
2024-08-27   4903626.0  219.9694  219.510  220.18  220.4200  219.1900   90169 2024-08-27 04:00:00     215.462    207.4822     0.004608
2024-08-28   6220251.0  220.8976  219.250  221.29  222.2100  219.1900  105710 2024-08-28 04:00:00     216.567    208.0084     0.005041
2024-08-29   6250873.0  221.8725  222.150  222.21  222.9800  218.9400  101691 2024-08-29 04:00:00     217.633    208.5126     0.004157
2024-08-30   8163977.0  223.9610  222.500  224.80  225.4800  221.9300  105883 2024-08-30 04:00:00     218.716    209.0352     0.011656
2024-09-03   8871855.0  221.1655  222.300  220.30  224.1000  219.2400  151619 2024-09-03 04:00:00     219.201    209.5152    -0.020018
2024-09-04   7175778.0  219.6445  221.040  219.33  222.0700  217.2100  126205 2024-09-04 04:00:00     219.682    209.9242    -0.004403
2024-09-05   7640360.0  217.9522  220.150  217.63  220.8000  216.0300  129489 2024-09-05 04:00:00     219.985    210.3154    -0.007751
2024-09-06   7624395.0  213.7479  217.600  212.46  218.7400  211.0900  137104 2024-09-06 04:00:00     219.568    210.6160    -0.023756
2024-09-09   8699672.0  216.7135  215.190  216.81  218.1500  214.1750  127176 2024-09-09 04:00:00     219.418    210.9688     0.020474
2024-09-10  28177866.0  205.2162  218.600  205.56  218.6400  200.6100  364810 2024-09-10 04:00:00     218.057    211.0348    -0.051889
2024-09-11  13398938.0  205.2801  205.250  207.23  207.7000  201.8310  196138 2024-09-11 04:00:00     216.762    211.0704     0.008124
2024-09-12   8294249.0  206.4559  207.650  206.60  208.7800  204.8900  135212 2024-09-12 04:00:00     215.293    211.0258    -0.003040
2024-09-13  10077647.0  204.9070  206.860  204.32  207.8482  203.0200  162218 2024-09-13 04:00:00     213.504    210.9384    -0.011036
2024-09-16   8015863.0  207.2833  205.830  207.86  208.2100  205.5900  122714 2024-09-16 04:00:00     211.810    210.9998     0.017326
2024-09-17   7424897.0  208.8585  207.730  209.25  209.9300  207.6600  121835 2024-09-17 04:00:00     210.705    211.0814     0.006687
2024-09-18   8144349.0  208.1404  209.010  207.53  211.3361  206.7000  146184 2024-09-18 04:00:00     209.525    211.0794    -0.008220
2024-09-19  11092402.0  210.3184  209.780  210.48  211.9100  207.3400  161470 2024-09-19 04:00:00     208.810    211.1330     0.014215
2024-09-20  17682831.0  210.7673  209.930  211.09  211.4150  209.5000  122929 2024-09-20 04:00:00     208.673    211.2058     0.002898
2024-09-23   6413608.0  211.1584  211.000  211.44  211.8000  209.9900   98289 2024-09-23 04:00:00     208.136    211.3358     0.001658
2024-09-24   7172510.0  211.5330  211.150  211.59  212.9500  210.3700   94222 2024-09-24 04:00:00     208.739    211.3666     0.000709
2024-09-25   8152062.0  209.9977  211.680  210.19  212.2400  208.6100  108454 2024-09-25 04:00:00     209.035    211.2980    -0.006617
2024-09-26   7585462.0  210.1207  211.130  209.78  211.7000  209.0100  117240 2024-09-26 04:00:00     209.353    211.1562    -0.001951
2024-09-27   6541615.0  210.7002  210.650  210.50  212.4400  209.3300   96792 2024-09-27 04:00:00     209.971    211.1666     0.003432
2024-09-30   7855010.0  209.4750  206.310  210.86  210.9600  205.2600  122170 2024-09-30 04:00:00     210.271    211.1882     0.001710
2024-10-01   8228878.0  207.4461  208.900  207.04  209.0900  206.1900  135837 2024-10-01 04:00:00     210.050    211.1234    -0.018116
2024-10-02   5708669.0  207.4350  207.080  207.29  208.9500  205.6900  103632 2024-10-02 04:00:00     210.026    211.0626     0.001207
2024-10-03   7182973.0  205.2002  206.170  205.23  206.4900  204.3400  118370 2024-10-03 04:00:00     209.501    210.9954    -0.009938
2024-10-04   9811367.0  209.7314  209.300  211.22  211.6700  206.9100  135126 2024-10-04 04:00:00     209.514    211.0464     0.029187
2024-10-07   6582387.0  211.1739  211.030  210.93  213.3300  209.6900  118650 2024-10-07 04:00:00     209.463    211.0202    -0.001373
2024-10-08   5865578.0  210.3410  210.580  210.75  211.3300  208.3800   97243 2024-10-08 04:00:00     209.379    211.0182    -0.000853
2024-10-09   6550580.0  213.0853  209.700  213.42  214.2400  209.3800  108528 2024-10-09 04:00:00     209.702    210.9828     0.012669
2024-10-10   7565911.0  212.8078  214.810  212.84  214.8100  211.4700  119468 2024-10-10 04:00:00     210.008    210.9836    -0.002718
2024-10-11  18102139.0  221.8955  215.670  222.29  224.6299  215.1600  251258 2024-10-11 04:00:00     211.187    211.2702     0.044400
2024-10-14   8435552.0  220.7934  223.200  221.48  223.7000  218.8800  135623 2024-10-14 04:00:00     212.249    211.7170    -0.003644
2024-10-15   8651750.0  223.3184  223.660  222.39  225.4500  221.8200  151064 2024-10-15 04:00:00     213.784    212.2668     0.004109
2024-10-16   6195996.0  222.7644  222.330  223.64  223.6800  221.0400  116203 2024-10-16 04:00:00     215.419    212.7328     0.005621
2024-10-17   6374015.0  224.7937  224.270  224.42  225.8500  223.3100  116023 2024-10-17 04:00:00     217.338    213.2132     0.003488
2024-10-18   6844510.0  225.1354  225.000  225.37  225.9200  223.1000  100353 2024-10-18 04:00:00     218.753    213.6394     0.004233
2024-10-21   5200984.0  223.6173  225.220  223.00  225.7000  222.9000   99598 2024-10-21 04:00:00     219.960    213.9834    -0.010516
2024-10-22   9227492.0  223.7721  223.020  224.12  225.2800  221.1000  137605 2024-10-22 04:00:00     221.297    214.3420     0.005022
2024-10-23   6065103.0  223.6465  223.660  223.41  224.7999  222.5300   97477 2024-10-23 04:00:00     222.296    214.6514    -0.003168
2024-10-24   5870583.0  223.8703  221.830  224.98  225.0600  221.6600   91593 2024-10-24 04:00:00     223.510    214.9462     0.007027
2024-10-25   6155000.0  222.6274  225.000  222.31  225.6200  220.8750  100297 2024-10-25 04:00:00     223.512    215.1614    -0.011868
2024-10-28   6102385.0  224.9018  223.350  225.50  225.6400  222.9500   85962 2024-10-28 04:00:00     223.914    215.3920     0.014349
2024-10-29   6369111.0  223.6810  225.210  222.90  226.7500  222.8100   96299 2024-10-29 04:00:00     223.965    215.5410    -0.011530
2024-10-30   6661301.0  224.7861  222.540  224.41  226.3100  221.5800  109392 2024-10-30 04:00:00     224.042    215.7388     0.006774
2024-10-31   7264201.0  222.8644  224.700  221.92  225.6900  221.8200  109840 2024-10-31 04:00:00     223.792    215.8852    -0.011096
2024-11-01   6472133.0  224.1751  223.560  222.94  226.1500  222.7000  111172 2024-11-01 04:00:00     223.549    216.0114     0.004596
2024-11-04   7204177.0  220.5825  222.650  219.78  223.7600  219.1700  115896 2024-11-04 05:00:00     223.227    216.0408    -0.014174
2024-11-05   5345794.0  221.0595  220.030  221.49  221.9600  220.0000   96408 2024-11-05 05:00:00     222.964    216.0872     0.007781
2024-11-06  23523974.0  243.3759  235.000  247.06  248.0000  234.7700  334782 2024-11-06 05:00:00     225.329    216.6248     0.115445
2024-11-07  15902459.0  238.2122  244.500  236.38  244.5700  235.2200  243931 2024-11-07 05:00:00     226.469    216.9266    -0.043228
2024-11-08   9212830.0  237.6051  239.340  236.98  239.3400  235.7800  140957 2024-11-08 05:00:00     227.936    217.2220     0.002538
2024-11-11   8403991.0  240.1961  240.000  239.29  242.1000  239.0000  129682 2024-11-11 05:00:00     229.315    217.5118     0.009748
2024-11-12   6684104.0  239.8215  240.550  239.56  241.4600  238.7600  120260 2024-11-12 05:00:00     230.981    217.8970     0.001128
2024-11-13  10203350.0  241.6912  240.580  241.16  244.0900  240.3100  118047 2024-11-13 05:00:00     232.656    218.3336     0.006679
2024-11-14   9667257.0  242.2610  242.415  241.87  244.2900  241.0500  114806 2024-11-14 05:00:00     234.651    218.8184     0.002944
2024-11-15  11044249.0  244.9790  241.460  245.31  246.4200  241.4600  147937 2024-11-15 05:00:00     236.888    219.4754     0.014223
2024-11-18   8486265.0  244.9463  247.760  245.03  247.9300  242.6800  116139 2024-11-18 05:00:00     239.413    220.0398    -0.001141
2024-11-19   6485586.0  243.4956  242.250  243.09  245.1509  241.5500  104515 2024-11-19 05:00:00     241.573    220.7904    -0.007917
2024-11-20   8620360.0  240.7392  244.400  240.78  244.6100  238.6400  104747 2024-11-20 05:00:00     240.945    221.4614    -0.009503
2024-11-21   7945868.0  244.2122  243.230  244.76  245.4900  242.1050  114908 2024-11-21 05:00:00     241.783    222.2246     0.016530
2024-11-22   7038469.0  248.0411  243.610  248.55  249.1500  243.0347  111217 2024-11-22 05:00:00     242.940    223.1092     0.015485
2024-11-25   8166336.0  250.1855  249.590  250.29  254.3100  249.0600  114395 2024-11-25 05:00:00     244.040    223.9578     0.007001
2024-11-26   5897241.0  249.6817  250.490  249.97  251.0000  248.3400   91564 2024-11-26 05:00:00     245.081    224.7722    -0.001279
2024-11-27   5281572.0  249.8764  249.350  249.79  251.1900  248.7710   82710 2024-11-27 05:00:00     245.944    225.6174    -0.000720
2024-11-29   4951716.0  250.4287  249.860  249.72  251.7700  249.4450   67495 2024-11-29 05:00:00     246.729    226.4022    -0.000280
2024-12-02   8562114.0  246.6228  249.550  246.25  250.2500  245.0300  122189 2024-12-02 05:00:00     246.823    227.1054    -0.013896
2024-12-03   6241365.0  246.0281  248.230  244.82  249.0400  244.6300  104388 2024-12-03 05:00:00     246.802    227.7730    -0.005807
2024-12-04   6739678.0  243.4182  244.700  243.40  245.3450  242.2300  103925 2024-12-04 05:00:00     246.833    228.4092    -0.005800
2024-12-05   6338084.0  245.9293  245.390  245.48  247.1800  244.6200  100820 2024-12-05 05:00:00     247.303    229.1150     0.008546
2024-12-06   5325143.0  246.6653  245.700  247.36  247.7400  244.8400   89845 2024-12-06 05:00:00     247.563    229.8666     0.007658
2024-12-09   6604870.0  244.9824  247.130  243.81  247.8699  243.7600  111610 2024-12-09 05:00:00     247.089    230.5328    -0.014352