                 v_LLY        vw     o_LLY   c_LLY     h_LLY     l_LLY       n                 t_a  LLY_SMA_10  LLY_SMA_50  LLY_Returns
t                                                                                                                                      
2023-12-11   5614106.0  581.1983  598.6600  584.04  601.1900  567.4100  138600 2023-12-11 05:00:00     589.198    585.1420    -0.023426
2023-12-12   2846097.0  582.2665  582.0000  584.76  585.8500  578.1663   75743 2023-12-12 05:00:00     588.514    586.0714     0.001233
2023-12-13   3112544.0  594.0556  583.2600  597.50  598.6699  582.3100   77288 2023-12-13 05:00:00     589.078    587.5176     0.021787
2023-12-14   5275911.0  576.1395  594.5000  573.67  594.5000  568.6900  137623 2023-12-14 05:00:00     587.341    588.3618    -0.039883
2023-12-15   5317020.0  569.3566  572.1000  572.04  573.7100  561.6500  103704 2023-12-15 05:00:00     586.141    588.9730    -0.002841
2023-12-18   3033944.0  579.0982  576.4700  579.76  583.0500  575.7000   77017 2023-12-18 05:00:00     585.549    589.2638     0.013496
2023-12-19   2192689.0  580.3846  580.2500  579.81  585.1100  577.2500   59382 2023-12-19 05:00:00     584.715    589.4248     0.000086
2023-12-20   2647100.0  574.3008  576.4800  570.21  579.8600  570.0300   72648 2023-12-20 05:00:00     582.811    589.2428    -0.016557
2023-12-21   1786473.0  570.8042  571.4100  572.00  574.9999  567.0200   56410 2023-12-21 05:00:00     581.184    588.5772     0.003139
2023-12-22   2226069.0  569.9180  573.0200  570.39  575.9000  567.4200   62691 2023-12-22 05:00:00     578.418    587.7750    -0.002815
2023-12-26   1678898.0  569.8000  569.5000  570.67  572.7722  567.6400   47561 2023-12-26 05:00:00     577.081    587.0044     0.000491
2023-12-27   2158734.0  579.4485  570.5000  581.51  583.6800  570.5000   56976 2023-12-27 05:00:00     576.756    586.3018     0.018995
2023-12-28   1973512.0  581.6828  581.9800  580.85  586.6900  580.0000   50511 2023-12-28 05:00:00     575.091    585.7526    -0.001135
2023-12-29   2000055.0  582.8951  582.8500  582.92  586.1704  579.4700   50452 2023-12-29 05:00:00     576.016    585.2662     0.003564
2024-01-02   3104981.0  588.7850  580.4100  592.20  592.7200  579.0500   90750 2024-01-02 05:00:00     578.032    585.2942     0.015920
2024-01-03   5130330.0  612.8343  600.0000  617.70  619.8400  598.8000  132136 2024-01-03 05:00:00     581.826    585.9554     0.043060
2024-01-04   6272532.0  623.5167  625.2600  614.50  636.4100  613.2700  154892 2024-01-04 05:00:00     585.295    586.7124    -0.005181
2024-01-05   2403955.0  616.5911  614.0000  618.55  619.9400  610.1900   66248 2024-01-05 05:00:00     590.129    587.2348     0.006591
2024-01-08   2453931.0  620.1149  622.4300  626.03  626.0599  609.5900   74372 2024-01-08 05:00:00     595.532    588.0262     0.012093
2024-01-09   2918891.0  627.3118  630.1050  625.48  634.4250  623.7200   79263 2024-01-09 05:00:00     601.041    589.1738    -0.000879
2024-01-10   2679074.0  630.3903  628.4900  630.19  637.0541  625.7600   69793 2024-01-10 05:00:00     606.993    590.5730     0.007530
2024-01-11   2690341.0  634.5790  634.3900  635.72  639.7600  628.1400   77929 2024-01-11 05:00:00     612.414    591.9732     0.008775
2024-01-12   2067773.0  640.4148  638.2000  642.92  644.0000  633.0101   62322 2024-01-12 05:00:00     618.621    593.7530     0.011326
2024-01-16   2413610.0  639.2153  643.9100  634.57  647.7300  633.6700   76271 2024-01-16 05:00:00     623.786    595.3552    -0.012988
2024-01-17   2124096.0  630.6301  639.4500  628.91  640.5200  625.1900   65512 2024-01-17 05:00:00     627.457    596.3276    -0.008919
2024-01-18   3384999.0  619.8478  621.2800  623.35  623.8799  612.7000   92426 2024-01-18 05:00:00     628.022    597.4384    -0.008841
2024-01-19   3125030.0  626.3431  622.3900  628.58  629.5900  620.0000   70929 2024-01-19 05:00:00     629.430    598.1062     0.008390
2024-01-22   2030201.0  629.4134  630.0000  630.88  632.6400  625.0000   64281 2024-01-22 05:00:00     630.663    598.7252     0.003659
2024-01-23   2524983.0  624.7239  627.6900  629.68  630.0000  614.8200   78162 2024-01-23 05:00:00     631.028    598.9362    -0.001902
2024-01-24   2276855.0  635.9248  633.5200  633.70  643.1650  632.0000   66349 2024-01-24 05:00:00     631.850    599.7838     0.006384
2024-01-25   2407930.0  627.6794  627.3700  627.62  632.6130  624.6800   76877 2024-01-25 05:00:00     631.593    600.3820    -0.009594
2024-01-26   2410349.0  636.5689  637.3500  639.25  639.6000  630.5000   63848 2024-01-26 05:00:00     631.946    600.9128     0.018530
2024-01-29   2718484.0  643.9335  641.5000  645.00  645.6500  639.7700   76858 2024-01-29 05:00:00     632.154    601.5964     0.008995
2024-01-30   2006101.0  644.4805  645.7000  644.98  646.8000  641.0000   59604 2024-01-30 05:00:00     633.195    602.7252    -0.000031
2024-01-31   4719039.0  647.7296  650.3800  645.61  663.5499  637.0000  105138 2024-01-31 05:00:00     634.865    603.8624     0.000977
2024-02-01   2494287.0  654.5281  647.3300  660.43  660.5200  643.1700   76453 2024-02-01 05:00:00     638.573    605.2368     0.022955
2024-02-02   3019223.0  667.4911  662.3800  667.65  672.6150  659.7350   93325 2024-02-02 05:00:00     642.480    606.6378     0.010932
2024-02-05   7602392.0  702.9822  691.0200  706.20  711.8763  682.5300  199924 2024-02-05 05:00:00     650.012    608.9098     0.057740
2024-02-06   8199902.0  710.8590  742.0000  705.03  742.0000  691.1000  232462 2024-02-06 05:00:00     657.547    611.1086    -0.001657
2024-02-07   5797966.0  727.0345  710.3800  725.38  740.9899  707.0200  151203 2024-02-07 05:00:00     666.715    613.5942     0.028864
2024-02-08   4636885.0  734.6389  728.3200  735.68  741.0000  725.7500  112095 2024-02-08 05:00:00     677.521    616.4772     0.014199
2024-02-09   2833894.0  739.7041  735.5000  740.16  745.7000  733.6100   84997 2024-02-09 05:00:00     687.612    619.4484     0.006090
2024-02-12   2932304.0  733.1971  740.8000  737.26  740.8000  726.4500   94324 2024-02-12 05:00:00     696.838    622.3564    -0.003918
2024-02-13   2860265.0  739.3914  730.1800  742.97  742.9800  730.1800   86978 2024-02-13 05:00:00     706.637    625.3950     0.007745
2024-02-14   3394326.0  755.1719  745.8200  757.31  764.0500  745.0000  103737 2024-02-14 05:00:00     717.807    628.8604     0.019301
2024-02-15   2507030.0  758.0736  755.8000  757.78  762.9900  750.0100   84380 2024-02-15 05:00:00     727.542    632.3024     0.000621
2024-02-16   5009368.0  781.7595  771.0300  782.06  794.4700  763.5000  156394 2024-02-16 05:00:00     738.983    636.1806     0.032041
2024-02-20   4701094.0  763.6258  790.0000  755.66  793.3800  753.2001  140915 2024-02-20 05:00:00     743.929    639.5088    -0.033757
2024-02-21   3473650.0  742.0563  738.0800  745.91  749.5000  733.2400  113860 2024-02-21 05:00:00     748.017    642.6616    -0.012903
2024-02-22   3167403.0  768.4982  763.5800  769.64  775.1200  756.2700  110148 2024-02-22 05:00:00     752.443    646.0934     0.031813
2024-02-23   2394805.0  768.5384  774.0000  769.54  777.6499  762.2600   78403 2024-02-23 05:00:00     755.829    649.8034    -0.000130
2024-02-26   2243779.0  773.2650  771.3000  771.92  780.2200  769.1200   74570 2024-02-26 05:00:00     759.005    653.5466     0.003093
2024-02-27   2716745.0  764.6594  754.9000  765.00  772.9500  745.4400   95170 2024-02-27 05:00:00     761.779    656.8966    -0.008965
2024-02-28   2716307.0  756.1851  762.2500  757.64  763.0000  751.6600   92547 2024-02-28 05:00:00     763.246    660.5760    -0.009621
2024-02-29   3905355.0  751.9852  753.0800  753.68  756.4600  744.0250  101976 2024-02-29 05:00:00     762.883    664.2088    -0.005227
2024-03-01   4247527.0  777.9042  769.0200  782.12  784.0800  764.1300  135577 2024-03-01 05:00:00     765.317    668.2560     0.037735
2024-03-04   3855649.0  793.3474  796.4400  792.28  800.7800  786.1623  128547 2024-03-04 05:00:00     766.339    672.5054     0.012990
2024-03-05   3168689.0  777.0142  785.3100  777.59  788.5300  769.2750  114812 2024-03-05 05:00:00     768.532    676.6530    -0.018541
2024-03-06   2518587.0  780.2642  784.2900  779.77  787.8500  774.0000   82790 2024-03-06 05:00:00     771.918    680.8084     0.002804
2024-03-07   3977376.0  778.4749  771.8350  780.16  792.9900  761.1200  114325 2024-03-07 05:00:00     772.970    685.0038     0.000500
2024-03-08   4054925.0  764.4232  780.0000  762.14  780.0000  755.0000  140818 2024-03-08 05:00:00     772.230    688.8332    -0.023098
2024-03-11   3968854.0  735.0941  752.2100  734.37  756.8000  727.6200  143448 2024-03-11 04:00:00     768.475    691.8904    -0.036437
2024-03-12   2701718.0  750.0245  740.9600  754.95  755.9700  738.0100   95466 2024-03-12 04:00:00     767.470    695.3724     0.028024
2024-03-13   2357486.0  756.3792  757.0000  757.84  760.7700  745.7100   83240 2024-03-13 04:00:00     767.490    698.8708     0.003828
2024-03-14   2647549.0  758.5198  764.9500  760.73  768.0000  749.4000   87585 2024-03-14 04:00:00     768.195    702.2414     0.003813
2024-03-15   3730053.0  754.4539  755.3800  754.17  760.8900  747.7065   76607 2024-03-15 04:00:00     765.400    704.9708    -0.008623
2024-03-18   2521328.0  764.2061  762.2800  762.66  769.6800  758.2500   78490 2024-03-18 04:00:00     762.438    707.9340     0.011257
2024-03-19   2557079.0  768.3081  758.4400  772.78  773.8500  755.0000   72321 2024-03-19 04:00:00     761.957    711.0186     0.013269
2024-03-20   2035628.0  769.1061  770.1100  772.86  773.1600  756.6400   71623 2024-03-20 04:00:00     761.266    713.9552     0.000104
2024-03-21   3013157.0  770.7554  774.0000  770.26  780.5399  758.8800   94773 2024-03-21 04:00:00     760.276    716.8508    -0.003364
2024-03-22   1981019.0  771.3581  770.0000  770.61  777.0000  767.2800   64152 2024-03-22 04:00:00     761.123    719.6592     0.000454
2024-03-25   1806584.0  773.6945  771.1000  773.14  778.4900  768.1500   59936 2024-03-25 04:00:00     765.000    722.4076     0.003283
2024-03-26   2099042.0  774.7832  774.2000  774.90  778.3299  769.0000   62366 2024-03-26 04:00:00     766.995    725.0472     0.002276
2024-03-27   2297713.0  777.1250  778.7100  778.18  785.2599  767.3800   73928 2024-03-27 04:00:00     769.029    727.9194     0.004233
2024-03-28   3209424.0  783.5660  780.3200  777.96  793.6700  776.4400   86613 2024-03-28 04:00:00     770.752    730.9004    -0.000283
2024-04-01   2921338.0  760.2603  776.0000  760.55  777.5000  753.8200  104636 2024-04-01 04:00:00     771.390    733.6444    -0.022379
2024-04-02   2596789.0  761.4519  755.0700  763.96  765.0700  753.5000   83287 2024-04-02 04:00:00     771.520    736.3520     0.004484
2024-04-03   3044910.0  778.0106  765.6900  775.99  787.2475  765.4100   87122 2024-04-03 04:00:00     771.841    739.2542     0.015747
2024-04-04   2353992.0  773.3500  781.5400  768.08  787.8969  767.8200   77546 2024-04-04 04:00:00     771.363    742.0222    -0.010193
2024-04-05   2113429.0  779.2675  765.4700  784.21  786.7050  763.0900   70795 2024-04-05 04:00:00     772.758    745.0324     0.021000
2024-04-08   1664153.0  777.4346  785.0200  777.29  785.1950  773.3500   63827 2024-04-08 04:00:00     773.426    748.0258    -0.008824
2024-04-09   2464837.0  758.4642  777.6400  757.24  777.8200  750.6500   92107 2024-04-09 04:00:00     771.836    750.3856    -0.025795
2024-04-10   1700296.0  760.6135  751.2800  761.98  765.2600  746.8300   62714 2024-04-10 04:00:00     770.544    752.7252     0.006260
2024-04-11   1594834.0  758.4220  759.7800  759.59  763.3300  750.6700   62288 2024-04-11 04:00:00     768.685    755.0174    -0.003137
2024-04-12   2495037.0  753.9032  759.5700  751.64  763.5000  749.7850   70212 2024-04-12 04:00:00     766.053    757.1380    -0.010466
2024-04-15   2289534.0  757.0183  760.0700  750.77  768.0000  749.5200   70544 2024-04-15 04:00:00     765.075    758.9448    -0.001157
2024-04-16   2450375.0  747.1715  751.6800  746.74  753.1400  743.0000   82681 2024-04-16 04:00:00     763.353    760.5266    -0.005368
2024-04-17   3021437.0  756.3249  759.2000  750.77  771.8300  744.8776   95636 2024-04-17 04:00:00     760.831    761.4180     0.005397
2024-04-18   1676047.0  747.4184  749.4200  745.95  752.1988  743.7700   59712 2024-04-18 04:00:00     758.618    762.2364    -0.006420
2024-04-19   3448714.0  731.2779  749.1600  726.31  750.0100  722.0700  102862 2024-04-19 04:00:00     752.828    762.2550    -0.026329
2024-04-22   2171025.0  731.8998  729.7400  731.33  737.8800  725.4200   69421 2024-04-22 04:00:00     748.232    762.1680     0.006912
2024-04-23   1704632.0  742.3574  741.2000  745.69  746.1600  731.4400   65123 2024-04-23 04:00:00     747.077    762.2786     0.019635
2024-04-24   2053282.0  734.5168  752.6400  732.20  752.6400  728.7850   77530 2024-04-24 04:00:00     744.099    762.1774    -0.018091
2024-04-25   2564420.0  724.1229  725.0000  724.87  727.9915  718.3000   86936 2024-04-25 04:00:00     740.627    761.8154    -0.010011
2024-04-26   1979338.0  733.0107  723.4800  733.51  737.4500  721.0000   72668 2024-04-26 04:00:00     738.814    761.3394     0.011919
2024-04-29   2682817.0  735.1642  735.7500  737.20  740.5800  729.6100   90733 2024-04-29 04:00:00     737.457    760.9278     0.005031
2024-04-30   7395458.0  782.0789  775.0000  781.10  795.4975  767.6600  186492 2024-04-30 04:00:00     740.893    760.9086     0.059550
2024-05-01   2700490.0  776.5086  774.7550  776.75  782.6050  768.2500   84199 2024-05-01 04:00:00     743.491    761.3304    -0.005569
2024-05-02   3143595.0  761.3008  777.3400  755.91  777.3400  754.2900  101064 2024-05-02 04:00:00     744.487    761.5304    -0.026830
2024-05-03   4555055.0  737.0583  743.0000  734.97  745.0000  730.3400  133766 2024-05-03 04:00:00     745.353    760.8370    -0.027702
2024-05-06   3339575.0  757.5377  738.0400  766.68  766.9900  736.0000  102068 2024-05-06 04:00:00     748.888    760.7798     0.043145
2024-05-07   2757655.0  774.2254  768.9000  777.77  779.0900  762.1100   85300 2024-05-07 04:00:00     752.096    760.8968     0.014465
2024-05-08   1954743.0  776.1531  779.1000  775.00  781.3499  772.2000   58608 2024-05-08 04:00:00     756.376    761.0968    -0.003561
2024-05-09   2295016.0  774.0143  777.0000  771.55  784.0000  769.2000   63039 2024-05-09 04:00:00     761.044    761.3750    -0.004452
2024-05-10   1983607.0  764.2191  774.0200  760.00  777.4200  760.0000   64996 2024-05-10 04:00:00     763.693    761.5014    -0.014970
2024-05-13   1669708.0  755.9515  763.5000  757.70  763.5500  750.5300   66163 2024-05-13 04:00:00     765.743    761.0130    -0.003026
2024-05-14   1897792.0  758.6709  751.5200  763.98  764.5000  751.5200   58106 2024-05-14 04:00:00     764.031    760.4470     0.008288
2024-05-15   3000566.0  780.9462  764.1500  787.02  787.6600  763.1000   80299 2024-05-15 04:00:00     765.058    760.6356     0.030158
2024-05-16   2223153.0  775.8185  784.7100  771.12  786.4800  770.1400   80466 2024-05-16 04:00:00     766.579    760.4626    -0.020203
2024-05-17   1629626.0  770.4363  772.8900  770.00  774.8700  767.1000   54436 2024-05-17 04:00:00     770.082    760.2594    -0.001452
2024-05-20   2014151.0  780.7810  766.9000  783.18  784.3250  766.1200   69343 2024-05-20 04:00:00     771.732    760.6802     0.017117
2024-05-21   4206483.0  804.1338  792.4600  803.17  816.6100  791.3900  118741 2024-05-21 04:00:00     774.272    762.0562     0.025524
2024-05-22   1684104.0  800.7061  801.0000  802.91  804.8800  795.2500   71068 2024-05-22 04:00:00     777.063    763.0154    -0.000324
2024-05-23   2838470.0  809.9875  810.0000  808.45  820.6050  802.1550   93176 2024-05-23 04:00:00     780.753    764.0276     0.006900
2024-05-24   1657614.0  808.4428  808.0000  807.43  810.1200  804.1500   65104 2024-05-24 04:00:00     785.496    764.9616    -0.001262
2024-05-28   2468884.0  803.3172  809.0000  807.86  809.0000  788.2500   86116 2024-05-28 04:00:00     790.512    766.0354     0.000533
2024-05-29   2229834.0  809.9743  803.0000  811.53  815.6100  802.0900   74044 2024-05-29 04:00:00     795.267    767.0128     0.004543
2024-05-30   1863090.0  814.9960  812.7900  815.06  819.9900  806.1100   70907 2024-05-30 04:00:00     798.071    767.8584     0.004350
2024-05-31   4070235.0  818.7587  818.8000  820.34  826.2100  811.1000   82548 2024-05-31 04:00:00     802.993    768.8080     0.006478
2024-06-03   2406464.0  829.7863  823.8300  831.26  838.2800  818.5000   87846 2024-06-03 04:00:00     809.119    770.0280     0.013312
2024-06-04   1703042.0  830.8346  834.0000  832.59  835.4700  825.3100   63847 2024-06-04 04:00:00     814.060    771.2676     0.001600
2024-06-05   2084230.0  830.3427  830.4900  831.76  838.4500  817.6200   83827 2024-06-05 04:00:00     816.919    772.4400    -0.000997
2024-06-06   2037874.0  837.8728  834.8800  837.29  846.9742  831.8800   71143 2024-06-06 04:00:00     820.357    773.6878     0.006649
2024-06-07   2407975.0  850.7157  837.7600  849.99  856.8100  837.0100   80893 2024-06-07 04:00:00     824.511    775.1240     0.015168
2024-06-10   3317200.0  863.0601  853.9800  865.00  871.6300  849.3900  109622 2024-06-10 04:00:00     830.268    776.8648     0.017659
2024-06-11   3964714.0  865.0688  882.1400  865.82  882.1400  852.2300  129628 2024-06-11 04:00:00     836.064    778.9702     0.000948
2024-06-12   2554175.0  864.4148  872.0000  867.30  872.0000  853.8500  100043 2024-06-12 04:00:00     841.641    781.0370     0.001709
2024-06-13   2206065.0  876.8981  869.0250  883.33  885.0600  861.5000   85215 2024-06-13 04:00:00     848.468    783.1838     0.018483
2024-06-14   1902337.0  879.4908  882.3300  878.45  884.6100  876.0000   77635 2024-06-14 04:00:00     854.279    785.3912    -0.005525
2024-06-17   2396443.0  885.5886  878.0000  885.01  892.2000  876.8600   88796 2024-06-17 04:00:00     859.654    787.4072     0.007468
2024-06-18   2271407.0  889.7705  887.0000  891.46  894.8700  884.0000   83539 2024-06-18 04:00:00     865.541    789.6906     0.007288
2024-06-20   3286116.0  889.8441  893.0000  885.99  905.4500  870.1300  125690 2024-06-20 04:00:00     870.964    792.2656    -0.006136
2024-06-21   3154238.0  884.7162  885.6600  883.88  891.9700  879.8000   76456 2024-06-21 04:00:00     875.623    794.7036    -0.002382
2024-06-24   2621566.0  893.8937  889.9750  890.11  903.5786  882.9400   98427 2024-06-24 04:00:00     879.635    797.3140     0.007048
2024-06-25   2616609.0  901.9101  891.7700  904.61  909.4200  891.5000   92487 2024-06-25 04:00:00     883.596    800.3734     0.016290
2024-06-26   1968672.0  902.0402  904.0000  901.26  906.3450  897.8400   74812 2024-06-26 04:00:00     887.140    803.3832    -0.003703
2024-06-27   1885731.0  905.5467  903.5300  909.04  909.5700  899.7200   69748 2024-06-27 04:00:00     891.314    806.6292     0.008632
2024-06-28   3176812.0  908.4607  911.3100  905.38  915.5400  905.3800   83481 2024-06-28 04:00:00     893.519    809.7214    -0.004026
2024-07-01   2446308.0  913.0027  911.7700  914.37  916.8300  904.3100   89738 2024-07-01 04:00:00     897.111    813.0898     0.009930
2024-07-02   4528067.0  897.6018  902.7100  906.71  912.0000  878.5000  167284 2024-07-02 04:00:00     899.281    816.6978    -0.008377
2024-07-03   3052648.0  898.1929  911.0000  898.10  918.5000  884.0000  118189 2024-07-03 04:00:00     899.945    820.0332    -0.009496
2024-07-05   2753564.0  911.1590  898.4250  914.57  916.4595  896.9000  101338 2024-07-05 04:00:00     902.803    823.4108     0.018339
2024-07-08   2292234.0  918.8405  917.8900  918.00  928.6050  912.0000   90704 2024-07-08 04:00:00     906.215    827.1268     0.003750
2024-07-09   2372697.0  928.4500  929.0500  932.50  935.0000  920.7750  100499 2024-07-09 04:00:00     910.454    831.2794     0.015795
2024-07-10   2627454.0  939.5787  936.5700  939.78  945.6900  933.0000   96777 2024-07-10 04:00:00     913.971    835.4048     0.007807
2024-07-11   2754040.0  931.9171  934.0900  934.14  942.8800  918.6200  109019 2024-07-11 04:00:00     917.259    839.3436    -0.006001
2024-07-12   2228290.0  946.2255  937.0000  948.40  950.7900  936.0300   88976 2024-07-12 04:00:00     921.195    842.6896     0.015265
2024-07-15   2327305.0  954.8706  956.2000  950.46  966.1000  948.0900   96084 2024-07-15 04:00:00     925.703    846.1638     0.002172
2024-07-16   2053947.0  947.0103  955.7500  941.60  956.3900  938.3800   86247 2024-07-16 04:00:00     928.426    849.8776    -0.009322
2024-07-17   4093282.0  911.4495  910.0100  905.59  925.0000  902.6400  154282 2024-07-17 04:00:00     928.314    853.2900    -0.038243
2024-07-18   7580328.0  858.0516  907.0300  848.90  909.8700  836.6600  273186 2024-07-18 04:00:00     923.394    854.9344    -0.062600
2024-07-19   3644425.0  863.9708  867.6600  857.47  880.2100  853.0000  127094 2024-07-19 04:00:00     917.684    856.5284     0.010095
2024-07-22   2624462.0  866.1755  864.8000  865.97  874.4200  856.8200   99454 2024-07-22 04:00:00     912.481    858.3478     0.009913
2024-07-23   1830618.0  878.6848  870.0000  878.29  887.7200  864.0800   81154 2024-07-23 04:00:00     907.060    860.4826     0.014227
2024-07-24   2680318.0  861.3745  872.5000  859.88  878.3400  854.2700  101644 2024-07-24 04:00:00     899.070    862.4802    -0.020961
2024-07-25   5194348.0  823.0923  847.0000  821.19  851.6200  806.3800  189225 2024-07-25 04:00:00     887.775    863.7500    -0.044995
2024-07-26   3887325.0  809.8693  811.8700  804.62  822.0100  801.3000  136999 2024-07-26 04:00:00     873.397    864.5628    -0.020178
2024-07-29   2428097.0  811.1503  814.0100  807.79  824.7700  804.0000   95481 2024-07-29 04:00:00     859.130    864.9782     0.003940
2024-07-30   3769389.0  791.6802  815.1800  790.21  821.9000  775.8100  142282 2024-07-30 04:00:00     843.991    865.3600    -0.021763
2024-07-31   2882867.0  801.2439  800.1700  804.27  811.1400  792.0901   94686 2024-07-31 04:00:00     833.859    866.0454     0.017793
2024-08-01   3899035.0  830.4119  833.6200  832.44  840.8900  820.1800  132090 2024-08-01 04:00:00     832.213    867.0306     0.035026
2024-08-02   3440202.0  799.5989  816.6700  804.46  820.1900  787.0200  135097 2024-08-02 04:00:00     826.912    867.0564    -0.033612
2024-08-05   4633463.0  773.4835  758.0000  775.26  792.9399  747.5500  170611 2024-08-05 04:00:00     817.841    866.5034    -0.036298
2024-08-06   3375279.0  795.9678  789.1400  793.18  806.2735  785.0000  108688 2024-08-06 04:00:00     809.330    866.1980     0.023115
2024-08-07   4287967.0  772.6964  778.3000  772.14  786.5800  763.0201  145665 2024-08-07 04:00:00     800.556    865.4922    -0.026526
2024-08-08   9355940.0  842.5023  875.0000  845.31  877.7800  825.2400  239359 2024-08-08 04:00:00     802.968    866.2412     0.094763
2024-08-09   6455477.0  891.6607  860.0000  891.68  908.4900  860.0000  194441 2024-08-09 04:00:00     811.674    867.8442     0.054856
2024-08-12   4076482.0  890.9259  904.2100  884.38  904.7200  883.0000  127182 2024-08-12 04:00:00     819.333    869.2306    -0.008187
2024-08-13   3426647.0  905.9764  894.0800  908.05  914.6943  890.3300  114395 2024-08-13 04:00:00     831.117    870.9848     0.026765
2024-08-14   3334465.0  926.5987  910.0000  931.68  934.3800  903.7900  116667 2024-08-14 04:00:00     843.858    872.9932     0.026023
2024-08-15   3024527.0  928.7194  936.0000  931.58  937.9550  920.0000  105439 2024-08-15 04:00:00     853.772    874.9730    -0.000107
2024-08-16   2094487.0  926.4377  928.3900  922.12  936.2969  919.3900   80230 2024-08-16 04:00:00     865.538    876.7802    -0.010155
2024-08-19   2334991.0  920.9327  922.1200  921.81  926.0000  916.5001   76197 2024-08-19 04:00:00     880.193    878.4706    -0.000336
2024-08-20   4894830.0  950.3559  932.1000  949.97  967.0000  930.5100  153097 2024-08-20 04:00:00     895.872    880.4702     0.030549
2024-08-21   2429717.0  949.2826  955.6150  951.97  956.5000  939.1700   88752 2024-08-21 04:00:00     913.855    882.2096     0.002105
2024-08-22   3033055.0  958.0984  951.9800  954.17  972.5300  948.1350  103915 2024-08-22 04:00:00     924.741    883.9766     0.002311
2024-08-23   2005666.0  950.8879  955.4400  952.74  960.5000  943.1100   76950 2024-08-23 04:00:00     930.847    885.6854    -0.001499
2024-08-26   1620176.0  950.1250  949.2000  950.53  955.0000  942.7700   70585 2024-08-26 04:00:00     937.462    887.0294    -0.002320
2024-08-27   2846607.0  958.2207  952.5000  954.48  972.4800  949.9500   95275 2024-08-27 04:00:00     942.105    888.5500     0.004156
2024-08-28   1599803.0  949.6791  954.1500  948.94  958.3399  943.2600   70083 2024-08-28 04:00:00     943.831    889.8286    -0.005804
2024-08-29   1714442.0  944.8852  955.0000  940.20  957.5150  936.0000   75185 2024-08-29 04:00:00     944.693    890.8034    -0.009210
2024-08-30   2370522.0  952.9784  945.0000  960.02  961.0000  940.5100   77046 2024-08-30 04:00:00     948.483    892.2840     0.021081
2024-09-03   2451466.0  959.7218  957.7700  956.53  969.6499  951.5801  105974 2024-09-03 04:00:00     951.955    893.7370    -0.003635
2024-09-04   1812423.0  946.9348  949.7500  946.31  954.0000  938.0050   82193 2024-09-04 04:00:00     951.589    894.8610    -0.010684
2024-09-05   3091871.0  916.8625  941.1600  912.75  943.0000  906.1700  132276 2024-09-05 04:00:00     947.667    895.0238    -0.035464
2024-09-06   3137011.0  903.7176  917.7600  902.71  927.9022  893.0000  114595 2024-09-06 04:00:00     942.521    895.0528    -0.011000
2024-09-09   2128799.0  905.1175  912.5700  908.27  915.4299  895.9150   87763 2024-09-09 04:00:00     938.074    895.0374     0.006159
2024-09-10   1863242.0  903.2061  914.1100  901.25  915.1100  895.0001   80281 2024-09-10 04:00:00     933.146    894.9548    -0.007729
2024-09-11   2585999.0  914.4622  902.1500  920.89  921.5400  897.2032   89942 2024-09-11 04:00:00     929.787    895.0852     0.021792
2024-09-12   2398627.0  930.7192  924.3100  935.02  937.6200  918.6300   87916 2024-09-12 04:00:00     928.395    895.6514     0.015344
2024-09-13   1988520.0  929.1932  937.0100  923.71  942.3500  922.1000   82789 2024-09-13 04:00:00     926.746    896.1636    -0.012096
2024-09-16   1616121.0  924.9073  931.1300  923.54  932.6050  920.4300   69262 2024-09-16 04:00:00     923.098    896.3430    -0.000184
2024-09-17   2193082.0  907.9549  921.5000  906.18  921.5000  902.3000   92783 2024-09-17 04:00:00     918.063    896.1066    -0.018797
2024-09-18   1711762.0  907.4037  906.3100  904.97  915.5000  903.4600   73343 2024-09-18 04:00:00     913.929    895.5560    -0.001335
2024-09-19   2407044.0  911.3660  912.8500  915.04  916.8100  903.8600   89319 2024-09-19 04:00:00     914.158    895.0612     0.011127
2024-09-20   9137988.0  923.5580  921.9900  921.49  939.8600  913.2000  127149 2024-09-20 04:00:00     916.036    894.8082     0.007049
2024-09-23   2121205.0  917.6811  921.0000  918.52  922.0000  909.4500   77297 2024-09-23 04:00:00     917.061    894.2106    -0.003223
2024-09-24   2713116.0  920.4985  922.1200  924.43  925.6800  909.2000   81980 2024-09-24 04:00:00     919.379    893.6900     0.006434
2024-09-25   1746161.0  926.8636  931.7900  924.56  939.3000  921.1900   70930 2024-09-25 04:00:00     919.746    893.3492     0.000141
2024-09-26   2563721.0  911.4910  920.2550  909.32  921.8500  905.3000   91469 2024-09-26 04:00:00     917.176    893.4238    -0.016484
2024-09-27   4201528.0  882.6653  893.6200  877.79  901.2100  875.6100  163531 2024-09-27 04:00:00     912.584    894.0016    -0.034674
2024-09-30   3083562.0  878.0103  864.5200  885.94  887.4299  858.8100  110854 2024-09-30 04:00:00     908.824    894.5710     0.009285
2024-10-01   2326764.0  884.9189  888.8300  884.48  891.2699  878.8700   88167 2024-10-01 04:00:00     906.654    894.9412    -0.001648
2024-10-02   1693238.0  888.5224  880.0000  891.07  893.3499  878.7000   68025 2024-10-02 04:00:00     905.264    895.1968     0.007451
2024-10-03   1862546.0  886.1291  889.5400  885.55  892.0000  880.8800   72210 2024-10-03 04:00:00     902.315    895.7102    -0.006195
2024-10-04   1947223.0  883.3734  885.9100  887.16  888.9700  876.8900   82889 2024-10-04 04:00:00     898.882    897.0296     0.001818
2024-10-07   2182935.0  899.1487  890.5100  898.40  905.2750  889.5650   83057 2024-10-07 04:00:00     896.870    898.9052     0.012670
2024-10-08   2022474.0  914.5203  903.0000  913.72  921.9682  902.2250   88143 2024-10-08 04:00:00     895.799    901.0238     0.017053
2024-10-09   1780046.0  917.0231  916.2850  919.74  921.3500  912.0000   73253 2024-10-09 04:00:00     895.317    903.6144     0.006588
2024-10-10   1584071.0  911.5755  920.0000  910.69  922.0000  905.1500   71321 2024-10-10 04:00:00     895.454    905.7428    -0.009840
2024-10-11   2242801.0  924.9487  916.0400  932.06  932.2400  911.1845   85951 2024-10-11 04:00:00     900.881    907.7352     0.023466
2024-10-14   1445405.0  930.7554  936.0000  929.51  937.0000  926.0000   67273 2024-10-14 04:00:00     905.238    910.2362    -0.002736
2024-10-15   2176411.0  914.0792  924.4400  913.32  926.5200  907.8001   91071 2024-10-15 04:00:00     908.122    912.9974    -0.017418
2024-10-16   1616736.0  912.4423  910.0300  916.42  917.8050  897.8350   68009 2024-10-16 04:00:00     910.657    915.4622     0.003394
2024-10-17   1731415.0  919.4020  921.0000  917.12  930.5100  916.0400   59736 2024-10-17 04:00:00     913.814    918.3618     0.000764
2024-10-18   1998217.0  916.1416  917.1800  917.97  920.9199  905.6200   66568 2024-10-18 04:00:00     916.895    919.8150     0.000927
2024-10-21   1564234.0  908.4629  917.9800  906.13  918.8600  904.5600   68246 2024-10-21 04:00:00     917.668    920.1040    -0.012898
2024-10-22   1346194.0  908.2178  901.6750  909.15  911.1200  900.2001   58268 2024-10-22 04:00:00     917.211    920.5994     0.003333
2024-10-23   2197785.0  900.9104  905.6200  903.25  907.9499  891.7300   79757 2024-10-23 04:00:00     915.562    920.5034    -0.006490
2024-10-24   1735647.0  892.6658  898.3300  891.32  900.0000  888.2800   77386 2024-10-24 04:00:00     913.625    919.6962    -0.013208
2024-10-25   2092376.0  894.6350  899.7300  892.70  900.9600  889.4501   69299 2024-10-25 04:00:00     909.689    918.9186     0.001548
2024-10-28   1853710.0  895.1874  894.8700  895.59  898.2099  890.7800   65134 2024-10-28 04:00:00     906.297    918.3880     0.003237
2024-10-29   2991435.0  903.7895  898.2100  903.58  907.9800  898.2100   95681 2024-10-29 04:00:00     905.323    918.0234     0.008921
2024-10-30  18232561.0  822.5726  798.5000  846.83  860.5000  769.0000  550908 2024-10-30 04:00:00     898.364    915.9606    -0.062806
2024-10-31   6531640.0  837.2609  836.5100  829.74  853.5000  825.2400  184467 2024-10-31 04:00:00     889.626    913.5160    -0.020181
2024-11-01   4654371.0  823.1533  828.0000  818.93  833.0000  816.7300  143416 2024-11-01 04:00:00     879.722    910.8112    -0.013028
2024-11-04   3871759.0  809.0284  805.0000  806.14  820.1900  803.6800  127655 2024-11-04 05:00:00     869.723    907.8792    -0.015618
2024-11-05   3461980.0  803.4111  803.8250  806.06  809.2100  797.4900  116211 2024-11-05 05:00:00     859.414    904.9898    -0.000099
2024-11-06   8090814.0  776.9039  817.3299  776.38  820.7300  767.6100  280050 2024-11-06 05:00:00     846.727    901.4278    -0.036821
2024-11-07   4508157.0  791.3878  784.6500  797.45  802.5500  778.1900  155523 2024-11-07 05:00:00     837.340    898.3980     0.027139
2024-11-08   7108537.0  829.1667  803.5000  831.54  847.2700  801.2600  182236 2024-11-08 05:00:00     831.224    896.2248     0.042749
2024-11-11   3297428.0  834.4937  831.3000  832.44  844.0000  824.6250   98868 2024-11-11 05:00:00     824.909    893.6732     0.001082
2024-11-12   3381954.0  820.0457  830.2000  818.86  833.9900  810.7201  109216 2024-11-12 05:00:00     816.437    890.9198    -0.016313
2024-11-13   2940031.0  817.8216  820.3200  811.81  829.1050  811.2900   85246 2024-11-13 05:00:00     812.935    888.2298    -0.008610
2024-11-14   3813508.0  794.3335  809.1900  786.23  809.1900  783.5100  134369 2024-11-14 05:00:00     808.584    885.6994    -0.031510
2024-11-15   6899126.0  755.1316  775.1900  746.20  777.9800  744.2000  228935 2024-11-15 05:00:00     801.311    882.5692    -0.050914
2024-11-18   8270608.0  721.4866  733.1900  727.20  734.0000  711.4001  233842 2024-11-18 05:00:00     793.417    878.9478    -0.025462
2024-11-19   5717845.0  723.2786  716.3100  729.73  730.0000  712.4200  143259 2024-11-19 05:00:00     785.784    875.5174     0.003479
2024-11-20   4941398.0  749.3779  735.7850  753.41  757.3700  735.4600  142812 2024-11-20 05:00:00     783.487    872.1678     0.032450
2024-11-21   3701863.0  745.9305  746.1200  749.92  752.9999  735.0000  105787 2024-11-21 05:00:00     778.734    868.4658    -0.004632
2024-11-22   3817099.0  749.7695  757.0500  748.01  761.2799  745.0812   93300 2024-11-22 05:00:00     770.381    864.9518    -0.002547
2024-11-25   5271938.0  751.7297  750.0000  755.00  755.0000  740.0100   94783 2024-11-25 05:00:00     762.637    861.5810     0.009345
2024-11-26   6340296.0  790.7553  785.2000  789.32  807.0000  773.9500  183729 2024-11-26 05:00:00     759.683    859.2438     0.045457
2024-11-27   2678731.0  788.3882  788.1200  788.19  794.8300  780.3000   85171 2024-11-27 05:00:00     757.321    856.9082    -0.001432
2024-11-29   2032275.0  795.8411  791.3300  795.35  800.3300  789.3310   58402 2024-11-29 05:00:00     758.233    854.5144     0.009084
2024-12-02   2757781.0  799.8602  798.1100  799.80  805.3500  795.2201   85738 2024-12-02 05:00:00     763.593    852.0806     0.005595
2024-12-03   2659641.0  812.4845  802.9300  813.33  817.1300  801.6100   87798 2024-12-03 05:00:00     772.206    849.9768     0.016917
2024-12-04   3716012.0  833.0961  828.1000  829.84  846.4629  820.5000  121446 2024-12-04 05:00:00     782.217    848.0850     0.020299
2024-12-05   2267248.0  824.6222  827.7800  825.62  831.1300  817.4600   83535 2024-12-05 05:00:00     789.438    846.1062    -0.005085
2024-12-06   2967806.0  831.4697  827.6800  826.71  841.0000  825.6901   84754 2024-12-06 05:00:00     797.117    844.4540     0.001320
2024-12-09   2872864.0  806.8493  823.7000  803.58  823.7000  801.2800  111483 2024-12-09 05:00:00     802.674    842.9698    -0.027978