                v_META        vw   o_META   c_META    h_META    l_META        n                 t_a  META_SMA_10  META_SMA_50  META_Returns
t                                                                                                                                          
2023-12-11  25777662.0  323.9737  329.400  325.280  329.8900  319.9950   348362 2023-12-11 05:00:00     326.3540     320.0500     -0.022449
2023-12-12  18471061.0  331.2347  324.600  334.220  334.4700  324.5600   245443 2023-12-12 05:00:00     325.8770     320.5980      0.027484
2023-12-13  16347321.0  335.1831  333.930  334.740  338.3700  332.6400   240673 2023-12-13 05:00:00     326.1310     321.2740      0.001556
2023-12-14  19602759.0  332.0784  333.850  333.170  334.7000  328.6371   287018 2023-12-14 05:00:00     326.7330     321.8258     -0.004690
2023-12-15  31776852.0  335.0784  331.990  334.920  338.6600  331.2200   247520 2023-12-15 05:00:00     327.7430     322.4284      0.005253
2023-12-18  18971752.0  344.1376  337.480  344.620  347.5600  337.0200   274949 2023-12-18 05:00:00     330.2030     323.0122      0.028962
2023-12-19  17729362.0  350.5553  345.580  350.360  353.6000  345.1200   259146 2023-12-19 05:00:00     333.4100     323.6522      0.016656
2023-12-20  16369850.0  351.2067  348.650  349.280  354.9600  347.7900   242195 2023-12-20 05:00:00     336.5930     324.2010     -0.003083
2023-12-21  15289556.0  352.6445  352.980  354.090  356.4050  349.2100   213125 2023-12-21 05:00:00     339.3430     324.7264      0.013771
2023-12-22  11772779.0  353.8921  355.580  353.390  357.1999  351.2200   177592 2023-12-22 05:00:00     341.4070     325.3110     -0.001977
2023-12-26   9898614.0  355.0389  354.990  354.830  356.9800  353.4500   150679 2023-12-26 05:00:00     344.3620     326.1138      0.004075
2023-12-27  13207928.0  357.4562  356.070  357.830  359.0000  355.3100   172298 2023-12-27 05:00:00     346.7230     326.8474      0.008455
2023-12-28  11794957.0  359.6395  359.700  358.320  361.9000  357.8100   196528 2023-12-28 05:00:00     349.0810     327.5338      0.001369
2023-12-29  14987092.0  354.5359  358.990  353.960  360.0000  351.8200   215677 2023-12-29 05:00:00     351.1600     328.2736     -0.012168
2024-01-02  19042152.0  344.8294  351.320  346.290  353.1600  340.0100   304920 2024-01-02 05:00:00     352.2970     328.9432     -0.021669
2024-01-03  15451133.0  345.1354  344.980  344.470  347.9500  343.1750   218247 2024-01-03 05:00:00     352.2820     329.6596     -0.005256
2024-01-04  12099895.0  346.4744  344.500  347.120  348.1499  343.3987   172395 2024-01-04 05:00:00     351.9580     330.3218      0.007693
2024-01-05  13746187.0  351.0893  346.990  351.950  353.5000  346.2601   215310 2024-01-05 05:00:00     352.2250     331.1098      0.013914
2024-01-08  13858022.0  356.1468  354.700  358.660  358.9800  352.0500   219789 2024-01-08 05:00:00     352.6820     332.2924      0.019065
2024-01-09  13463871.0  358.1433  356.400  357.430  360.6400  355.3600   196368 2024-01-09 05:00:00     353.0860     333.6740     -0.003429
2024-01-10  22117206.0  368.9590  360.170  370.470  372.9400  359.0800   346109 2024-01-10 05:00:00     354.6500     335.1488      0.036483
2024-01-11  17205385.0  367.9680  372.130  369.670  372.7800  362.9300   274760 2024-01-11 05:00:00     355.8340     336.4890     -0.002159
2024-01-12  18748146.0  374.3037  370.155  374.490  377.0600  369.5400   244161 2024-01-12 05:00:00     357.4510     337.9534      0.013039
2024-01-16  15306885.0  369.5988  373.650  367.460  375.6100  367.2300   253891 2024-01-16 05:00:00     358.8010     339.0656     -0.018772
2024-01-17  12474779.0  365.3637  366.300  368.370  368.5400  358.6100   203951 2024-01-17 05:00:00     361.0090     340.2156      0.002476
2024-01-18  16104332.0  374.7186  371.490  376.130  376.8500  370.9500   221386 2024-01-18 05:00:00     364.1750     341.4462      0.021066
2024-01-19  21600806.0  382.1319  379.000  383.450  384.3600  377.9700   270981 2024-01-19 05:00:00     367.8080     342.7992      0.019461
2024-01-22  17680454.0  384.1798  387.950  381.780  390.3525  381.1601   265063 2024-01-22 05:00:00     370.7910     344.0584     -0.004355
2024-01-23  15502496.0  385.2311  384.615  385.200  388.3800  382.0750   227458 2024-01-23 05:00:00     373.4450     345.3668      0.008958
2024-01-24  15599785.0  392.2264  390.000  390.700  396.1500  387.8100   264914 2024-01-24 05:00:00     376.7720     346.7698      0.014278
2024-01-25  15091080.0  392.6941  390.170  393.180  395.4900  385.6600   244036 2024-01-25 05:00:00     379.0430     348.0580      0.006348
2024-01-26  13159290.0  394.7271  394.350  394.140  396.7900  391.5908   214391 2024-01-26 05:00:00     381.4900     349.3570      0.002442
2024-01-29  18742433.0  399.7678  394.985  401.020  402.9300  393.1000   278755 2024-01-29 05:00:00     384.1430     350.6512      0.017456
2024-01-30  18614727.0  402.3054  403.590  400.060  406.3600  399.5700   302238 2024-01-30 05:00:00     387.4030     351.9982     -0.002394
2024-01-31  20164317.0  392.7782  389.000  390.140  398.0000  387.1000   335045 2024-01-31 05:00:00     389.5800     353.1172     -0.024796
2024-02-01  29707351.0  411.4533  393.940  394.780  400.5000  393.0500   498975 2024-02-01 05:00:00     391.4450     354.3120      0.011893
2024-02-02  84699996.0  473.7256  459.600  474.990  485.9600  453.0100  1202621 2024-02-02 05:00:00     400.5990     357.0124      0.203176
2024-02-05  40827196.0  463.4458  469.880  459.410  471.9000  459.2200   621254 2024-02-05 05:00:00     408.3620     359.4610     -0.032801
2024-02-06  21653114.0  457.6028  464.000  454.720  467.1200  453.0000   345658 2024-02-06 05:00:00     415.3140     361.7256     -0.010209
2024-02-07  23065994.0  467.8721  458.000  469.590  471.5200  456.1773   348014 2024-02-07 05:00:00     423.2030     364.3528      0.032701
2024-02-08  18815097.0  468.4779  468.320  470.000  470.5900  465.0300   292513 2024-02-08 05:00:00     430.8850     367.0588      0.000873
2024-02-09  18295937.0  469.7014  472.950  468.110  473.5900  467.4650   291818 2024-02-09 05:00:00     438.2820     369.6412     -0.004021
2024-02-12  19381963.0  473.0294  468.190  468.900  479.1450  466.5800   320857 2024-02-12 05:00:00     445.0700     372.3752      0.001688
2024-02-13  20116602.0  461.9853  456.870  460.120  467.8900  455.0900   305225 2024-02-13 05:00:00     451.0760     375.0346     -0.018725
2024-02-14  16808401.0  469.9188  467.930  473.280  474.1100  466.0901   266636 2024-02-14 05:00:00     459.3900     378.0038      0.028601
2024-02-15  24200326.0  482.9462  475.280  484.030  488.6200  472.2200   365752 2024-02-15 05:00:00     468.3150     381.2840      0.022714
2024-02-16  22799620.0  474.0558  478.110  473.320  478.9600  469.2100   364855 2024-02-16 05:00:00     468.1480     384.3846     -0.022127
2024-02-20  18015523.0  470.7077  469.715  471.750  476.1800  466.5600   281914 2024-02-20 05:00:00     469.3820     387.4706     -0.003317
2024-02-21  12977050.0  466.5231  466.500  468.030  469.0000  461.7900   229873 2024-02-21 05:00:00     470.7130     390.2994     -0.007886
2024-02-22  21624805.0  485.5276  480.240  486.130  489.9900  476.0618   385783 2024-02-22 05:00:00     472.3670     393.3670      0.038673
2024-02-23  18374286.0  487.0397  488.050  484.030  494.3599  482.3482   299145 2024-02-23 05:00:00     473.7700     396.5420     -0.004320
2024-02-26  12079815.0  483.0712  483.470  481.740  486.1400  480.6000   217806 2024-02-26 05:00:00     475.1330     399.4924     -0.004731
2024-02-27  10809595.0  484.7694  479.975  487.050  487.2700  479.9200   200534 2024-02-27 05:00:00     476.9480     402.5386      0.011023
2024-02-28  12713406.0  485.9823  485.000  484.020  491.0500  482.7500   224437 2024-02-28 05:00:00     479.3380     405.5556     -0.006221
2024-02-29  17730225.0  489.0950  488.440  490.130  491.7000  482.6100   233415 2024-02-29 05:00:00     481.0230     408.6598      0.012623
2024-03-01  15884882.0  500.4154  492.110  502.300  504.2500  491.8500   319523 2024-03-01 05:00:00     482.8500     411.8134      0.024830
2024-03-04  12324141.0  500.2935  503.000  498.190  504.4200  496.4200   272883 2024-03-04 05:00:00     485.3370     414.7700     -0.008182
2024-03-05  15324999.0  491.0000  495.000  490.220  495.5800  487.8900   290949 2024-03-05 05:00:00     487.1840     417.5888     -0.015998
2024-03-06  11756575.0  497.5363  497.630  496.090  502.9700  494.2920   236856 2024-03-06 05:00:00     489.9900     420.4288      0.011974
2024-03-07  18586437.0  511.1997  503.280  512.190  519.8500  501.3800   341225 2024-03-07 05:00:00     492.5960     423.6048      0.032454
2024-03-08  18597059.0  510.2396  514.190  505.950  523.5700  499.3500   344927 2024-03-08 05:00:00     494.7880     426.6272     -0.012183
2024-03-11  20427774.0  484.8228  497.010  483.590  497.3180  476.0000   399013 2024-03-11 04:00:00     494.9730     429.1424     -0.044194
2024-03-12  15448232.0  496.0547  493.260  499.750  502.3100  484.7300   297006 2024-03-12 04:00:00     496.2430     431.9710      0.033417
2024-03-13  12090656.0  495.7539  495.390  495.570  500.9800  491.0318   234797 2024-03-13 04:00:00     497.3980     434.8032     -0.008364
2024-03-14  12520014.0  494.1690  500.255  491.830  501.3500  488.1600   231029 2024-03-14 04:00:00     497.5680     437.7140     -0.007547
2024-03-15  29073576.0  484.8014  489.010  484.100  491.8300  481.3001   239987 2024-03-15 04:00:00     495.7480     440.5066     -0.015717
2024-03-18  11755183.0  493.3952  491.910  496.980  497.4200  486.8100   219266 2024-03-18 04:00:00     495.6270     443.5038      0.026606
2024-03-19  10903092.0  491.5704  488.170  496.240  496.6296  481.2800   197787 2024-03-19 04:00:00     496.2290     446.3896     -0.001489
2024-03-20  11711100.0  501.8557  499.500  505.520  508.1999  495.1700   198307 2024-03-20 04:00:00     497.1720     449.3268      0.018701
2024-03-21   9708589.0  509.0690  514.710  507.760  515.0400  506.0100   190236 2024-03-21 04:00:00     496.7290     452.3334      0.004431
2024-03-22   8120593.0  507.7830  507.000  509.580  509.9700  504.3400   153406 2024-03-22 04:00:00     497.0920     455.1156      0.003584
2024-03-25   8380617.0  504.2628  505.790  503.020  507.2200  500.2411   168962 2024-03-25 04:00:00     499.0350     457.7826     -0.012873
2024-03-26  11205382.0  503.0505  505.130  495.890  510.0000  495.2137   199810 2024-03-26 04:00:00     498.6490     460.2106     -0.014174
2024-03-27   9989676.0  492.5827  499.300  493.860  499.8900  488.0700   205829 2024-03-27 04:00:00     498.4780     462.7386     -0.004094
2024-03-28  15207564.0  487.5024  492.840  485.580  492.8900  485.1500   253619 2024-03-28 04:00:00     497.8530     465.0828     -0.016766
2024-04-01   9234757.0  491.4894  487.200  491.350  497.4300  481.7800   196856 2024-04-01 04:00:00     498.5780     467.3872      0.011883
2024-04-02  11081026.0  492.5131  485.100  497.370  497.5300  484.6500   211493 2024-04-02 04:00:00     498.6170     469.6656      0.012252
2024-04-03  12099171.0  504.9110  498.930  506.740  507.2400  498.7500   230137 2024-04-03 04:00:00     499.6670     472.1648      0.018839
2024-04-04  26476253.0  520.4068  516.420  510.920  530.0000  510.5800   403717 2024-04-04 04:00:00     500.2070     474.6792      0.008249
2024-04-05  19263265.0  524.7423  516.855  527.340  530.7000  514.4099   323041 2024-04-05 04:00:00     502.1650     477.4120      0.032138
2024-04-08  13185179.0  523.1094  529.280  519.250  531.4899  518.8900   248701 2024-04-08 04:00:00     503.1320     479.9334     -0.015341
2024-04-09  10875520.0  515.1837  522.230  516.900  525.8700  506.7400   219224 2024-04-09 04:00:00     504.5200     482.3886     -0.004526
2024-04-10  11413841.0  517.7627  509.290  519.830  522.5599  505.8000   233324 2024-04-10 04:00:00     506.9140     484.7648      0.005668
2024-04-11  10333219.0  521.0425  521.110  523.160  523.8600  517.2900   200574 2024-04-11 04:00:00     509.8440     487.2268      0.006406
2024-04-12  11880935.0  513.3462  517.750  511.900  520.1899  509.3300   213857 2024-04-12 04:00:00     512.4760     489.6620     -0.021523
2024-04-15  12453064.0  505.4183  516.720  500.230  518.5300  497.2800   252629 2024-04-15 04:00:00     513.3640     491.7710     -0.022797
2024-04-16   9663310.0  501.1088  498.110  499.760  504.7699  497.1100   196971 2024-04-16 04:00:00     513.6030     492.2664     -0.000940
2024-04-17  12073070.0  495.0672  503.100  494.170  503.1600  487.1400   255433 2024-04-17 04:00:00     512.3460     492.9616     -0.011185
2024-04-18  14722121.0  505.4243  499.820  501.800  512.2100  499.0400   264183 2024-04-18 04:00:00     511.4340     493.9032      0.015440
2024-04-19  24381920.0  485.5922  502.800  481.070  502.8000  475.7300   402579 2024-04-19 04:00:00     506.8070     494.1328     -0.041311
2024-04-22  17043208.0  482.1327  489.715  481.730  492.0100  473.4000   343629 2024-04-22 04:00:00     503.0550     494.3674      0.001372
2024-04-23  14827338.0  494.3623  491.250  496.100  498.7600  488.9700   269904 2024-04-23 04:00:00     500.9750     494.9272      0.029830
2024-04-24  37265801.0  471.8902  508.060  493.500  510.0000  484.5800   760764 2024-04-24 04:00:00     498.3420     495.4192     -0.005241
2024-04-25  82876704.0  432.6720  421.400  441.380  445.7700  414.5000  1379115 2024-04-25 04:00:00     490.1640     495.0444     -0.105613
2024-04-26  31988164.0  440.2976  441.460  443.290  446.4400  431.9600   565013 2024-04-26 04:00:00     483.3030     494.4446      0.004327
2024-04-29  21383265.0  432.8786  439.560  432.620  439.7600  428.5600   436604 2024-04-29 04:00:00     476.5420     493.4164     -0.024070
2024-04-30  18134079.0  433.2298  431.050  430.170  439.6199  429.7200   309878 2024-04-30 04:00:00     469.5830     492.5534     -0.005663
2024-05-01  20213634.0  439.2018  428.600  439.190  449.9600  427.1100   349516 2024-05-01 04:00:00     464.0850     491.9022      0.020968
2024-05-02  15079806.0  439.1470  438.840  441.680  443.9600  432.2800   261943 2024-05-02 04:00:00     458.0730     491.3752      0.005670
2024-05-03  16309193.0  450.3697  445.930  451.960  454.1700  443.8500   298591 2024-05-03 04:00:00     455.1620     490.6918      0.023275
2024-05-06  14925092.0  460.4948  455.580  465.680  466.1600  453.3400   293438 2024-05-06 04:00:00     453.5570     490.3248      0.030357
2024-05-07  13093855.0  467.1428  466.290  468.240  471.5300  461.3100   252710 2024-05-07 04:00:00     450.7710     490.0548      0.005497
2024-05-08  11575623.0  472.0127  463.500  472.600  475.5800  463.0020   222982 2024-05-08 04:00:00     448.6810     489.7658      0.009311
2024-05-09   9363506.0  473.7485  470.000  475.420  476.0800  467.6300   202447 2024-05-09 04:00:00     452.0850     489.5938      0.005967
2024-05-10  10685207.0  474.3611  477.090  476.200  477.5000  469.6000   211500 2024-05-10 04:00:00     455.3760     489.3152      0.001641
2024-05-13  14603043.0  467.7020  472.750  468.010  473.3500  462.8500   261927 2024-05-13 04:00:00     458.9150     488.6294     -0.017199
2024-05-14  10426080.0  468.4337  463.370  471.850  472.5400  460.0800   208196 2024-05-14 04:00:00     463.0830     488.1026      0.008205
2024-05-15  12859647.0  478.1749  474.980  481.540  482.4999  471.2000   238201 2024-05-15 04:00:00     467.3180     487.9290      0.020536
2024-05-16  16532505.0  475.2744  475.000  473.230  477.6900  472.7500   259925 2024-05-16 04:00:00     470.4730     487.4718     -0.017257
2024-05-17  10104962.0  470.9357  470.830  471.910  472.8000  468.4200   201323 2024-05-17 04:00:00     472.4680     486.6662     -0.002789
2024-05-20  11411012.0  470.0463  469.950  468.840  473.2000  467.0400   222634 2024-05-20 04:00:00     472.7840     485.9240     -0.006505
2024-05-21  11433014.0  465.4193  467.120  464.630  470.7000  462.2700   235641 2024-05-21 04:00:00     472.4230     485.5448     -0.008980
2024-05-22   9716782.0  469.4826  467.870  467.780  473.7199  465.6500   189999 2024-05-22 04:00:00     471.9410     484.9054      0.006780
2024-05-23  11456150.0  467.1110  472.880  465.780  474.3581  461.5400   230114 2024-05-23 04:00:00     470.9770     484.3096     -0.004276
2024-05-24  11898302.0  475.3737  467.620  478.220  479.8499  466.3000   235597 2024-05-24 04:00:00     471.1790     484.0374      0.026708
2024-05-28   9753254.0  477.6279  476.575  479.920  480.8600  474.8400   205114 2024-05-28 04:00:00     472.3700     483.9538      0.003555
2024-05-29   8933909.0  476.0040  474.660  474.360  479.8500  473.7000   178114 2024-05-29 04:00:00     472.6210     483.5014     -0.011585
2024-05-30  10358363.0  467.9121  471.670  467.050  471.7300  464.7100   218515 2024-05-30 04:00:00     471.1720     482.9176     -0.015410
2024-05-31  16098031.0  462.2422  465.800  466.830  469.1200  454.4601   267561 2024-05-31 04:00:00     470.5320     482.1438     -0.000471
2024-06-03  10760395.0  475.2862  470.860  477.490  479.6000  468.2400   241671 2024-06-03 04:00:00     471.0900     481.5384      0.022835
2024-06-04   6902022.0  475.8863  477.000  476.990  478.8900  473.2322   157117 2024-06-04 04:00:00     471.9050     480.8866     -0.001047
2024-06-05  15453576.0  490.1954  484.450  495.060  496.6500  483.9100   305744 2024-06-05 04:00:00     474.9480     480.7274      0.037883
2024-06-06  10547636.0  496.4078  492.980  493.760  502.8200  490.8900   232864 2024-06-06 04:00:00     477.5460     480.6848     -0.002626
2024-06-07   8992606.0  494.5489  495.910  492.960  498.9100  490.1701   165749 2024-06-07 04:00:00     480.2640     480.6668     -0.001620
2024-06-10  10981591.0  499.4192  493.860  502.600  502.6600  493.4100   196010 2024-06-10 04:00:00     482.7020     481.0072      0.019555
2024-06-11   8897158.0  504.0662  500.160  507.470  507.6000  498.2700   192268 2024-06-11 04:00:00     485.4570     481.3296      0.009690
2024-06-12  11149394.0  508.0749  513.990  508.840  514.0100  504.4700   245717 2024-06-12 04:00:00     488.9050     481.5590      0.002700
2024-06-13   9011558.0  504.5551  505.710  504.100  509.3600  501.3600   185851 2024-06-13 04:00:00     492.6100     481.5062     -0.009315
2024-06-14   8924745.0  503.4964  502.650  504.160  507.1500  500.7500   169618 2024-06-14 04:00:00     496.3430     481.3710      0.000119
2024-06-17  10692609.0  504.5466  501.670  506.630  510.7500  496.0100   222621 2024-06-17 04:00:00     499.2570     480.9568      0.004899
2024-06-18  12509322.0  499.6685  504.560  499.490  506.0000  495.0200   244347 2024-06-18 04:00:00     501.5070     480.5616     -0.014093
2024-06-20  10360617.0  500.9307  502.000  501.700  503.6700  496.7700   218618 2024-06-20 04:00:00     502.1710     480.2576      0.004425
2024-06-21  22170815.0  496.8049  503.450  494.780  503.4500  492.3900   231338 2024-06-21 04:00:00     502.2730     479.7566     -0.013793
2024-06-24  13196920.0  500.3910  499.200  498.910  507.8000  494.2900   267647 2024-06-24 04:00:00     502.8680     479.2716      0.008347
2024-06-25  11582457.0  507.6624  497.050  510.600  510.7100  495.5000   232467 2024-06-25 04:00:00     503.6680     479.2456      0.023431
2024-06-26   8284754.0  511.3198  506.645  513.120  513.8100  504.6765   191525 2024-06-26 04:00:00     504.2330     479.5034      0.004935
2024-06-27   9563747.0  518.9182  514.250  519.560  522.8799  513.9000   218782 2024-06-27 04:00:00     505.3050     479.8994      0.012551
2024-06-28  15171137.0  510.3670  517.150  504.220  521.8800  503.8400   253473 2024-06-28 04:00:00     505.3170     480.1004     -0.029525
2024-07-01  10181217.0  500.8179  504.950  504.680  506.5800  493.1700   243648 2024-07-01 04:00:00     505.3690     480.1580      0.000912
2024-07-02   7515705.0  506.8472  500.760  509.500  510.5000  499.4500   177179 2024-07-02 04:00:00     505.6560     480.7266      0.009551
2024-07-03   5924259.0  509.2671  506.370  509.960  511.2800  506.0200   137522 2024-07-03 04:00:00     506.7030     481.2912      0.000903
2024-07-05  21136609.0  531.4149  511.600  539.910  540.8700  511.6000   399717 2024-07-05 04:00:00     510.5240     482.1674      0.058730
2024-07-08  14604978.0  531.4075  542.350  529.320  542.8100  526.6500   346236 2024-07-08 04:00:00     513.9780     482.8838     -0.019614
2024-07-09   8678524.0  532.1558  533.750  530.000  537.4800  528.1901   209934 2024-07-09 04:00:00     517.0870     484.6562      0.001285
2024-07-10  10606896.0  534.2761  530.790  534.690  538.8800  528.3600   220214 2024-07-10 04:00:00     519.4960     486.4842      0.008849
2024-07-11  16117778.0  517.2363  530.890  512.700  535.4600  508.3733   372741 2024-07-11 04:00:00     519.4540     488.0858     -0.041127
2024-07-12  19510651.0  501.4804  497.755  498.870  508.0900  494.2300   430957 2024-07-12 04:00:00     517.3850     489.4598     -0.026975
2024-07-15  12223862.0  498.6963  498.630  496.160  506.6799  493.3700   307845 2024-07-15 04:00:00     516.5790     490.5992     -0.005432
2024-07-16  13907708.0  491.3549  501.500  489.790  503.9499  485.7900   311364 2024-07-16 04:00:00     515.0900     491.5614     -0.012839
2024-07-17  27900017.0  466.5826  479.170  461.990  479.1700  459.1200   594250 2024-07-17 04:00:00     510.3390     491.7620     -0.056759
2024-07-18  18854435.0  472.0505  475.000  475.850  479.2393  464.5400   371077 2024-07-18 04:00:00     506.9280     491.9654      0.030001
2024-07-19  14822476.0  480.0470  476.060  476.790  486.7100  475.7100   275755 2024-07-19 04:00:00     500.6160     492.1364      0.001975
2024-07-22  11824136.0  487.9166  486.575  487.400  492.0600  483.9000   247712 2024-07-22 04:00:00     496.4240     492.4324      0.022253
2024-07-23   9152972.0  490.6197  489.840  488.690  495.2200  487.7200   218020 2024-07-23 04:00:00     492.2930     492.6978      0.002647
2024-07-24  17502039.0  466.8472  472.305  461.270  476.3000  460.5800   344892 2024-07-24 04:00:00     484.9510     492.3992     -0.056109
2024-07-25  17719896.0  455.0501  463.260  453.410  463.5480  442.6500   355466 2024-07-25 04:00:00     479.0220     492.1072     -0.017040
2024-07-26  13855970.0  465.0138  464.195  465.700  469.7700  459.4200   253142 2024-07-26 04:00:00     475.7050     491.9842      0.027106
2024-07-29  11206624.0  468.3756  469.880  465.710  473.9600  465.0200   207950 2024-07-29 04:00:00     472.6600     491.6676      0.000021
2024-07-30  10983176.0  463.5858  467.000  463.190  472.7300  456.7000   221053 2024-07-30 04:00:00     470.0000     491.4668     -0.005411
2024-07-31  23955287.0  480.7320  471.020  474.830  476.5000  466.7500   403504 2024-07-31 04:00:00     471.2840     491.5252      0.025130
2024-08-01  42772862.0  507.9424  521.000  497.740  527.1709  492.1000   692537 2024-08-01 04:00:00     473.4730     492.1032      0.048249
2024-08-02  23351778.0  487.3302  489.000  488.140  501.1450  476.1500   415852 2024-08-02 04:00:00     474.6080     492.5734     -0.019287
2024-08-05  21253546.0  471.2114  451.345  475.730  483.4800  450.8000   450088 2024-08-05 04:00:00     473.4410     492.7324     -0.025423
2024-08-06  20633958.0  494.4558  479.000  494.090  502.5600  478.6500   369464 2024-08-06 04:00:00     473.9810     493.2986      0.038593
2024-08-07  19577751.0  497.4291  503.130  488.920  510.1500  486.8600   348541 2024-08-07 04:00:00     476.7460     493.5126     -0.010464
2024-08-08  15916540.0  503.8719  497.500  509.630  509.9600  494.7200   283159 2024-08-08 04:00:00     482.3680     494.1068      0.042359
2024-08-09  13446650.0  513.3654  507.710  517.770  518.3400  505.7000   240293 2024-08-09 04:00:00     487.5750     494.9750      0.015972
2024-08-12   9547483.0  514.7937  516.860  515.950  518.0200  509.1000   199815 2024-08-12 04:00:00     492.5990     495.9530     -0.003515
2024-08-13  13648064.0  526.3498  520.010  528.540  531.4999  518.1500   249669 2024-08-13 04:00:00     499.1340     497.1872      0.024402
2024-08-14  11312468.0  528.2373  528.060  526.760  534.0000  523.1300   204518 2024-08-14 04:00:00     504.3270     498.1726     -0.003368
2024-08-15  13010503.0  536.4342  531.790  537.330  539.7700  526.7000   238494 2024-08-15 04:00:00     508.2860     499.3794      0.020066
2024-08-16  14427353.0  529.1954  531.900  527.420  533.6600  524.6600   258707 2024-08-16 04:00:00     512.2140     500.0266     -0.018443
2024-08-19   9765619.0  527.3712  526.870  529.280  531.6600  522.7600   194622 2024-08-19 04:00:00     517.5690     500.7370      0.003527
2024-08-20   7644125.0  528.0537  528.350  526.730  531.0900  525.8800   163248 2024-08-20 04:00:00     520.8330     501.4124     -0.004818
2024-08-21  13260265.0  534.1182  527.150  535.160  539.4000  526.9350   234208 2024-08-21 04:00:00     525.4570     502.0636      0.016004
2024-08-22  14669457.0  535.7535  537.000  531.930  544.2300  528.5900   242813 2024-08-22 04:00:00     527.6870     502.5528     -0.006036
2024-08-23  11034529.0  530.5292  536.920  528.000  539.8700  525.0600   208385 2024-08-23 04:00:00     528.7100     502.9360     -0.007388
2024-08-26   8983346.0  520.4958  527.600  521.120  528.0000  514.9500   202880 2024-08-26 04:00:00     529.2270     503.2764     -0.013030
2024-08-27   5800788.0  519.9343  518.980  519.100  524.0100  515.3100   140974 2024-08-27 04:00:00     528.2830     503.5752     -0.003876
2024-08-28   8949907.0  516.3319  517.675  516.780  521.0850  512.4500   176524 2024-08-28 04:00:00     527.2850     503.7782     -0.004469
2024-08-29   7951247.0  521.3703  519.050  518.220  527.2000  515.6789   181005 2024-08-29 04:00:00     525.3740     504.1528      0.002786
2024-08-30   8771143.0  519.7671  521.350  521.310  523.5400  515.2000   157422 2024-08-30 04:00:00     524.7630     504.5450      0.005963
2024-09-03  12397460.0  514.3294  519.640  511.760  525.4900  508.6176   258203 2024-09-03 04:00:00     523.0110     504.8846     -0.018319
2024-09-04   8059461.0  512.3463  506.070  512.740  516.5900  504.0700   174476 2024-09-04 04:00:00     521.6120     505.1612      0.001915
2024-09-05   8488948.0  516.4087  511.720  516.860  521.6295  511.1500   177654 2024-09-05 04:00:00     519.7820     505.2864      0.008035
2024-09-06  14445219.0  505.2689  521.880  500.270  524.5849  498.2500   278031 2024-09-06 04:00:00     516.6160     505.0294     -0.032098
2024-09-09   9969811.0  505.4542  506.160  504.790  511.3300  502.0800   189253 2024-09-09 04:00:00     514.2950     504.7340      0.009035
2024-09-10   9315730.0  505.6543  508.160  504.790  514.1800  500.0278   180410 2024-09-10 04:00:00     512.6620     504.7454      0.000000
2024-09-11  10298148.0  506.0463  507.010  511.830  513.1200  495.6000   199344 2024-09-11 04:00:00     511.9350     504.8884      0.013946
2024-09-12  11847600.0  522.3439  517.050  525.600  526.7100  515.2200   238736 2024-09-12 04:00:00     512.8170     505.2104      0.026903
2024-09-13  10259913.0  524.3663  520.340  524.620  527.5810  517.1100   193157 2024-09-13 04:00:00     513.4570     505.5036     -0.001865
2024-09-16   9207455.0  527.5692  524.540  533.280  534.1000  517.4000   196310 2024-09-16 04:00:00     514.6540     505.3710      0.016507
2024-09-17  11026777.0  536.0473  537.600  536.315  542.1000  530.5700   206536 2024-09-17 04:00:00     517.1095     505.5109      0.005691
2024-09-18   9834856.0  538.6150  537.065  537.950  544.2000  533.9026   193687 2024-09-18 04:00:00     519.6305     505.6699      0.003049
2024-09-19  15356439.0  556.4213  550.000  559.100  562.0700  546.5200   309759 2024-09-19 04:00:00     523.8545     506.1581      0.039316
2024-09-20  20432918.0  561.1563  560.000  561.350  564.5000  556.3001   236906 2024-09-20 04:00:00     529.9625     507.1311      0.004024
2024-09-23  11992261.0  566.3959  569.500  564.410  573.9799  562.4100   232778 2024-09-23 04:00:00     535.9245     508.4419      0.005451
2024-09-24  11745347.0  561.5150  566.680  563.330  567.7450  554.1900   210760 2024-09-24 04:00:00     541.7785     509.7853     -0.001914
2024-09-25  15975201.0  570.5742  564.050  568.310  576.8800  563.7200   294942 2024-09-25 04:00:00     547.4265     511.3557      0.008840
2024-09-26  14264821.0  569.0452  575.730  567.840  577.4000  562.3501   274136 2024-09-26 04:00:00     551.6505     513.4727     -0.000827
2024-09-27   8744699.0  567.5761  570.100  567.360  570.8399  564.5100   185252 2024-09-27 04:00:00     555.9245     515.3029     -0.000845
2024-09-30  12364338.0  571.0542  567.700  572.440  574.6800  564.8000   198157 2024-09-30 04:00:00     559.8405     517.2159      0.008954
2024-10-01  15153060.0  576.8123  577.980  576.470  583.0400  570.1000   275091 2024-10-01 04:00:00     563.8560     518.9973      0.007040
2024-10-02   6374508.0  572.9905  574.860  572.810  576.0000  569.3400   160927 2024-10-02 04:00:00     567.3420     520.6797     -0.006349
2024-10-03  11372699.0  579.0057  570.150  582.770  583.3600  568.7300   219841 2024-10-03 04:00:00     569.7090     523.1097      0.017388
2024-10-04  14084571.0  589.7648  583.730  595.940  596.8500  581.4300   262823 2024-10-04 04:00:00     573.1680     525.9603      0.022599
2024-10-07  11797893.0  591.2327  598.220  584.780  602.9500  584.0400   260058 2024-10-07 04:00:00     575.2050     528.3419     -0.018727
2024-10-08   7644223.0  590.5939  589.690  592.890  593.5600  585.9700   165501 2024-10-08 04:00:00     578.1610     530.8855      0.013868
2024-10-09   9440379.0  588.0623  593.990  590.510  594.3900  581.6100   216165 2024-10-09 04:00:00     580.3810     533.4319     -0.004014
2024-10-10   7597988.0  585.6698  587.570  583.830  590.2300  582.5200   172203 2024-10-10 04:00:00     581.9800     535.6119     -0.011312
2024-10-11   8444719.0  587.6947  584.830  589.950  591.2100  582.7100   175499 2024-10-11 04:00:00     584.2390     537.4561      0.010483
2024-10-14   7806114.0  593.8924  594.220  590.420  600.1000  589.9600   190686 2024-10-14 04:00:00     586.0370     539.5017      0.000797
2024-10-15   9365211.0  585.3945  590.160  586.270  590.6100  580.1430   215221 2024-10-15 04:00:00     587.0170     541.7125     -0.007029
2024-10-16  10329014.0  576.7778  581.395  576.790  582.0800  574.0300   233743 2024-10-16 04:00:00     587.4150     543.3665     -0.016170
2024-10-17   8476452.0  578.3394  583.330  576.930  584.9700  575.2000   173482 2024-10-17 04:00:00     586.8310     545.1267      0.000243
2024-10-18   7585395.0  579.1763  581.100  576.470  583.9675  575.2500   153937 2024-10-18 04:00:00     584.8840     546.4635     -0.000797
2024-10-21   8111555.0  573.1671  576.030  575.160  577.2399  569.1100   180512 2024-10-21 04:00:00     583.9220     547.6113     -0.002272
2024-10-22   7816817.0  579.2950  574.290  582.010  583.5300  572.1200   169539 2024-10-22 04:00:00     582.8340     548.9325      0.011910
2024-10-23  13985986.0  570.1199  579.970  563.690  585.0000  562.5000   276843 2024-10-23 04:00:00     580.1520     549.6355     -0.031477
2024-10-24   6999863.0  566.5220  567.125  567.780  568.8799  561.5200   163274 2024-10-24 04:00:00     578.5470     550.4559      0.007256
2024-10-25  11027861.0  575.6534  573.935  573.250  581.2900  571.7200   211196 2024-10-25 04:00:00     576.8770     551.1743      0.009634
2024-10-28   9888525.0  577.8369  582.000  578.160  583.7499  574.1200   205606 2024-10-28 04:00:00     575.6510     552.1891      0.008565
2024-10-29  12206890.0  588.6521  580.145  593.280  593.6700  575.3980   260587 2024-10-29 04:00:00     576.3520     553.4691      0.026152
2024-10-30  26379352.0  592.7873  600.980  591.800  601.2000  589.3800   549195 2024-10-30 04:00:00     577.8530     554.7705     -0.002495
2024-10-31  26329908.0  572.5293  585.000  567.580  589.9000  563.0100   516195 2024-10-31 04:00:00     576.9180     555.4189     -0.040926
2024-11-01  14746571.0  568.9846  567.605  567.160  573.6700  562.5600   288040 2024-11-01 04:00:00     575.9870     556.1235     -0.000740
2024-11-04  11715801.0  562.5984  564.100  560.680  568.6900  557.8900   244728 2024-11-04 05:00:00     574.5390     556.7771     -0.011425
2024-11-05   9503482.0  570.7239  567.305  572.430  573.4800  566.6700   187548 2024-11-05 05:00:00     573.5810     557.8033      0.020957
2024-11-06  17833354.0  566.0851  562.750  572.050  573.0000  555.1679   386359 2024-11-06 05:00:00     574.4170     558.8623     -0.000664
2024-11-07  14285763.0  589.2527  576.890  591.700  594.7999  575.2100   311875 2024-11-07 05:00:00     576.8090     560.3607      0.034350
2024-11-08   9161815.0  588.1982  591.540  589.340  593.1000  584.5200   206137 2024-11-08 05:00:00     578.4180     561.7831     -0.003989
2024-11-11   9790283.0  581.8641  586.360  583.170  587.0000  576.5100   218765 2024-11-11 05:00:00     578.9190     563.0203     -0.010469
2024-11-12  15984655.0  587.5268  588.545  584.820  599.6600  580.3800   317052 2024-11-12 05:00:00     578.0730     564.4815      0.002829
2024-11-13   9830173.0  580.7611  582.605  580.000  585.6400  575.1700   207451 2024-11-13 05:00:00     576.8930     565.8267     -0.008242
2024-11-14  10483769.0  576.3992  577.000  577.160  580.7600  573.0100   189075 2024-11-14 05:00:00     577.8510     567.0327     -0.004897
2024-11-15  17394190.0  558.4934  571.220  554.080  572.5700  551.5000   339313 2024-11-15 05:00:00     576.5430     568.1089     -0.039989
2024-11-18  14115317.0  555.0573  557.040  554.400  559.9000  550.0900   247109 2024-11-18 05:00:00     575.9150     569.1011      0.000578
2024-11-19   8924616.0  556.6674  551.860  561.090  561.4300  550.6000   166639 2024-11-19 05:00:00     574.7810     570.2271      0.012067
2024-11-20   9491676.0  562.5183  562.930  565.520  566.3499  554.2001   184645 2024-11-20 05:00:00     574.1280     571.3009      0.007895
2024-11-21  10775747.0  559.5675  569.520  563.090  570.0000  549.0500   228050 2024-11-21 05:00:00     571.2670     572.0507     -0.004297
2024-11-22   8946665.0  558.7530  563.550  559.140  563.8273  554.5900   194623 2024-11-22 05:00:00     568.2470     572.7411     -0.007015
2024-11-25  12918074.0  564.2104  562.100  565.110  572.5915  556.3900   212266 2024-11-25 05:00:00     566.4410     573.3777      0.010677
2024-11-26  10239385.0  572.9366  566.000  573.540  577.5000  565.2000   191587 2024-11-26 05:00:00     565.3130     574.1222      0.014917
2024-11-27   6829965.0  568.5521  574.890  569.200  574.9800  564.1001   143918 2024-11-27 05:00:00     564.2330     574.7472     -0.007567
2024-11-29   6731412.0  574.3590  569.000  574.320  578.4600  566.9000   129975 2024-11-29 05:00:00     563.9490     575.0516      0.008995
2024-12-02  11574680.0  589.6253  577.500  592.830  594.5000  575.5700   244917 2024-12-02 05:00:00     567.8240     575.6812      0.032229
2024-12-03  14637296.0  605.7360  595.000  613.650  614.2000  591.2501   295771 2024-12-03 05:00:00     573.7490     576.6660      0.035120
2024-12-04  12862732.0  611.9273  612.960  613.780  617.7800  605.1000   271458 2024-12-04 05:00:00     579.0180     577.6750      0.000212
2024-12-05   7926913.0  610.9205  617.075  608.930  619.9000  607.0500   184313 2024-12-05 05:00:00     583.3590     578.4874     -0.007902
2024-12-06  16713573.0  622.1746  610.100  623.770  629.7899  608.5300   279507 2024-12-06 05:00:00     589.4270     579.6060      0.024371
2024-12-09  10662201.0  614.5403  623.925  613.570  626.4000  606.1701   256977 2024-12-09 05:00:00     594.8700     580.5302     -0.016352