                v_MSFT        vw   o_MSFT  c_MSFT    h_MSFT    l_MSFT        n                 t_a  MSFT_SMA_10  MSFT_SMA_50  MSFT_Returns
t                                                                                                                                         
2023-12-11  27708757.0  369.5369  368.480  371.30  371.6000  366.1000   414479 2023-12-11 05:00:00      374.191     351.4697     -0.007829
2023-12-12  24834333.0  372.7849  370.850  374.38  374.4200  370.4600   341947 2023-12-12 05:00:00      373.359     352.5213      0.008295
2023-12-13  30605531.0  374.3346  376.020  374.37  377.6361  370.7700   397694 2023-12-13 05:00:00      372.911     353.7409     -0.000027
2023-12-14  43270261.0  367.2790  373.310  365.93  373.7600  364.1300   625496 2023-12-14 05:00:00      371.613     354.6804     -0.022545
2023-12-15  78502324.0  370.1111  366.850  370.73  372.4000  366.2800   447189 2023-12-15 05:00:00      371.235     355.7078      0.013117
2023-12-18  21802878.0  371.7442  369.450  372.65  373.0000  368.6800   338225 2023-12-18 05:00:00      371.586     356.6156      0.005179
2023-12-19  20593658.0  372.2648  371.490  373.26  373.2600  369.8400   306094 2023-12-19 05:00:00      371.660     357.4844      0.001637
2023-12-20  26316623.0  373.0735  375.000  370.62  376.0300  370.5300   396010 2023-12-20 05:00:00      371.842     358.3290     -0.007073
2023-12-21  17608006.0  372.3574  372.560  373.54  374.4100  370.0400   289267 2023-12-21 05:00:00      372.101     359.1514      0.007879
2023-12-22  17102684.0  374.4106  373.680  374.58  375.1800  372.7100   282280 2023-12-22 05:00:00      372.136     360.0198      0.002784
2023-12-26  12673050.0  374.7134  375.000  374.66  376.9400  373.5000   264666 2023-12-26 05:00:00      372.472     360.9584      0.000214
2023-12-27  14905412.0  373.7921  373.690  374.07  375.0600  372.8116   266403 2023-12-27 05:00:00      372.441     361.7870     -0.001575
2023-12-28  14327013.0  375.4457  375.370  375.28  376.4580  374.1600   278146 2023-12-28 05:00:00      372.532     362.6514      0.003235
2023-12-29  18730838.0  375.8532  376.000  376.04  377.1600  373.4800   296401 2023-12-29 05:00:00      373.543     363.5700      0.002025
2024-01-02  25258633.0  370.0458  373.860  370.87  375.9000  366.7710   458059 2024-01-02 05:00:00      373.557     364.3610     -0.013749
2024-01-03  23013465.0  371.1638  369.010  370.60  373.2562  368.5100   373400 2024-01-03 05:00:00      373.352     365.2396     -0.000728
2024-01-04  20901502.0  369.8079  370.665  367.94  373.1000  367.1700   336221 2024-01-04 05:00:00      372.820     366.0120     -0.007178
2024-01-05  21004575.0  368.9509  368.970  367.75  372.0600  366.5000   327543 2024-01-05 05:00:00      372.533     366.7564     -0.000516
2024-01-08  23132275.0  372.9106  369.300  374.69  375.2000  369.0100   370000 2024-01-08 05:00:00      372.648     367.4368      0.018872
2024-01-09  20828828.0  374.4701  372.010  375.79  375.9900  371.1900   348112 2024-01-09 05:00:00      372.769     368.3948      0.002936
2024-01-10  25497145.0  381.6297  376.370  382.77  384.1700  376.3200   425875 2024-01-10 05:00:00      373.580     369.4540      0.018574
2024-01-11  27850846.0  384.6284  386.000  384.63  390.6800  380.3800   462956 2024-01-11 05:00:00      374.636     370.4004      0.004859
2024-01-12  21641153.0  387.4040  385.490  388.47  388.6800  384.6500   349003 2024-01-12 05:00:00      375.955     371.4076      0.009984
2024-01-16  27142268.0  390.7025  393.660  390.27  394.0300  387.6229   461337 2024-01-16 05:00:00      377.378     372.2916      0.004634
2024-01-17  21698908.0  388.3601  387.980  389.47  390.1100  384.8100   363161 2024-01-17 05:00:00      379.238     373.1146     -0.002050
2024-01-18  23391588.0  392.7206  391.720  393.87  393.9900  390.1200   369691 2024-01-18 05:00:00      381.565     373.9360      0.011297
2024-01-19  29331136.0  396.7214  395.760  398.67  398.6700  393.5000   425457 2024-01-19 05:00:00      384.638     374.7788      0.012187
2024-01-22  27016902.0  396.8531  400.020  396.51  400.6200  393.5900   450387 2024-01-22 05:00:00      387.514     375.4984     -0.005418
2024-01-23  20525882.0  397.3286  395.750  398.90  399.3800  393.9300   318881 2024-01-23 05:00:00      389.935     376.2124      0.006028
2024-01-24  24362953.0  403.0820  401.540  402.56  405.6300  400.4500   412572 2024-01-24 05:00:00      392.612     377.0498      0.009175
2024-01-25  21008155.0  404.8272  404.320  404.87  407.0100  402.5294   386008 2024-01-25 05:00:00      394.822     377.7538      0.005738
2024-01-26  17803271.0  404.0245  404.370  403.93  406.1700  402.4300   337194 2024-01-26 05:00:00      396.752     378.4988     -0.002322
2024-01-29  24479936.0  408.1096  406.060  409.72  409.9800  404.3300   446367 2024-01-29 05:00:00      398.877     379.2878      0.014334
2024-01-30  33443110.0  408.7068  412.260  408.59  413.0500  406.4501   606541 2024-01-30 05:00:00      400.709     380.0662     -0.002758
2024-01-31  47855797.0  403.0427  406.960  397.58  415.3200  397.2100   736134 2024-01-31 05:00:00      401.520     380.4944     -0.026946
2024-02-01  30656726.0  404.4632  401.830  403.78  408.0000  401.8000   476057 2024-02-01 05:00:00      402.511     381.1730      0.015594
2024-02-02  28186570.0  409.8995  403.810  411.22  412.6500  403.5600   474633 2024-02-02 05:00:00      403.766     381.8486      0.018426
2024-02-05  25352286.0  406.2356  409.900  405.65  411.1600  403.9900   455599 2024-02-05 05:00:00      404.680     382.5002     -0.013545
2024-02-06  18382624.0  404.8658  405.880  405.49  407.9700  402.9100   342464 2024-02-06 05:00:00      405.339     383.0530     -0.000394
2024-02-07  22340526.0  411.9182  407.440  414.05  414.3000  407.4000   352956 2024-02-07 05:00:00      406.488     383.7854      0.021110
2024-02-08  21225257.0  413.8330  414.050  414.11  415.5600  412.5300   323852 2024-02-08 05:00:00      407.412     384.4954      0.000145
2024-02-09  22010344.0  418.7587  415.250  420.55  420.8200  415.0900   369746 2024-02-09 05:00:00      409.074     385.2524      0.015551
2024-02-12  21202921.0  416.8165  420.555  415.26  420.7400  414.7500   401543 2024-02-12 05:00:00      409.628     385.9806     -0.012579
2024-02-13  27824936.0  406.7192  404.940  406.32  410.0710  403.3900   544613 2024-02-13 05:00:00      409.401     386.5288     -0.021529
2024-02-14  20394390.0  407.4282  408.070  409.49  409.8400  404.5700   384409 2024-02-14 05:00:00      410.592     387.2284      0.007802
2024-02-15  21825525.0  406.0888  408.140  406.56  409.1300  404.2900   412617 2024-02-15 05:00:00      410.870     387.9768     -0.007155
2024-02-16  22296495.0  405.1959  407.960  404.06  408.2900  403.4400   371675 2024-02-16 05:00:00      410.154     388.6076     -0.006149
2024-02-20  24307915.0  401.4432  403.240  402.79  404.4900  398.0100   450376 2024-02-20 05:00:00      409.868     389.2874     -0.003143
2024-02-21  18576472.0  400.2873  400.170  402.18  402.2900  397.2200   372891 2024-02-21 05:00:00      409.537     389.9120     -0.001514
2024-02-22  26924129.0  410.8021  410.190  411.65  412.8300  408.5700   438851 2024-02-22 05:00:00      409.297     390.6604      0.023547
2024-02-23  16290899.0  411.3814  415.670  410.34  415.8600  408.9700   339007 2024-02-23 05:00:00      408.920     391.4412     -0.003182
2024-02-26  16193505.0  408.6943  411.455  407.54  412.1600  407.3600   360536 2024-02-26 05:00:00      407.619     392.1044     -0.006824
2024-02-27  14835827.0  406.5203  407.990  407.48  408.3200  403.8500   329867 2024-02-27 05:00:00      406.841     392.7666     -0.000147
2024-02-28  13152525.0  407.2066  408.175  407.72  409.3000  405.3201   288488 2024-02-28 05:00:00      406.981     393.6024      0.000589
2024-02-29  31947263.0  411.6895  408.640  413.64  414.2000  405.9200   381314 2024-02-29 05:00:00      407.396     394.4606      0.014520
2024-03-01  17805495.0  414.0684  411.270  415.50  415.8700  410.8800   394307 2024-03-01 05:00:00      408.290     395.3176      0.004497
2024-03-04  17595956.0  415.1331  413.440  414.92  417.3500  412.3200   397492 2024-03-04 05:00:00      409.376     396.1508     -0.001396
2024-03-05  26886877.0  403.9324  413.960  402.65  414.2500  400.6400   538262 2024-03-05 05:00:00      409.362     396.7914     -0.029572
2024-03-06  22320549.0  402.2288  402.970  402.09  405.1600  398.3900   449326 2024-03-06 05:00:00      409.353     397.3624     -0.001391
2024-03-07  18695839.0  407.6397  406.120  409.14  409.7800  402.2400   356884 2024-03-07 05:00:00      409.102     398.0536      0.017533
2024-03-08  18002186.0  407.1068  407.960  406.22  410.4200  404.3300   372186 2024-03-08 05:00:00      408.690     398.6848     -0.007137
2024-03-11  16120752.0  403.8710  403.762  404.52  405.6800  401.2600   361478 2024-03-11 04:00:00      408.388     399.2938     -0.004185
2024-03-12  22457003.0  413.4651  407.620  415.28  415.5700  406.7900   390705 2024-03-12 04:00:00      409.168     400.0938      0.026599
2024-03-13  17115931.0  414.9263  418.100  415.10  418.1800  411.4500   335667 2024-03-13 04:00:00      409.906     400.8750     -0.000433
2024-03-14  34155379.0  424.5338  420.240  425.22  427.8200  417.9900   595703 2024-03-14 04:00:00      411.064     401.9620      0.024380
2024-03-15  45079903.0  416.9739  419.290  416.42  422.6000  412.7900   502616 2024-03-15 04:00:00      411.156     402.8784     -0.020695
2024-03-18  20106230.0  417.9454  414.250  417.32  420.7300  413.7800   378750 2024-03-18 04:00:00      411.396     403.8660      0.002161
2024-03-19  19824715.0  420.2883  417.830  421.41  421.6656  415.5500   333781 2024-03-19 04:00:00      413.272     404.9392      0.009801
2024-03-20  17856165.0  423.7712  422.000  425.23  425.9600  420.6600   341852 2024-03-20 04:00:00      415.586     405.9500      0.009065
2024-03-21  21221222.0  429.2339  429.830  429.37  430.8200  427.1600   382102 2024-03-21 04:00:00      417.609     407.0216      0.009736
2024-03-22  17648473.0  428.3960  429.700  428.74  429.8600  426.0700   314771 2024-03-22 04:00:00      419.861     407.9410     -0.001467
2024-03-25  18060450.0  423.6345  425.240  422.86  427.4100  421.6100   392629 2024-03-25 04:00:00      421.695     408.7056     -0.013715
2024-03-26  16725647.0  422.7992  425.610  421.65  425.9900  421.3500   318246 2024-03-26 04:00:00      422.332     409.3692     -0.002861
2024-03-27  16704978.0  420.9515  424.440  421.43  424.4500  419.0100   333518 2024-03-27 04:00:00      422.965     409.9924     -0.000522
2024-03-28  21871161.0  420.7417  420.960  420.72  421.8700  419.1200   307365 2024-03-28 04:00:00      422.515     410.6174     -0.001685
2024-04-01  16315961.0  424.3187  423.950  424.57  427.8900  422.2200   365011 2024-04-01 04:00:00      423.330     411.2314      0.009151
2024-04-02  17911992.0  420.9424  420.110  421.44  422.3800  417.8400   364604 2024-04-02 04:00:00      423.742     411.6868     -0.007372
2024-04-03  16502264.0  421.2183  419.730  420.45  423.2600  419.0850   337782 2024-04-03 04:00:00      423.646     412.1656     -0.002349
2024-04-04  19370875.0  421.9102  424.990  417.88  428.6700  417.5700   371919 2024-04-04 04:00:00      422.911     412.5452     -0.006112
2024-04-05  16549091.0  424.2188  420.010  425.52  426.5100  418.3200   353310 2024-04-05 04:00:00      422.526     413.0044      0.018283
2024-04-08  14272387.0  424.9753  425.170  424.59  427.2800  423.3000   316897 2024-04-08 04:00:00      422.111     413.3988     -0.002186
2024-04-09  12512289.0  424.8551  426.440  426.28  427.7400  421.6200   298321 2024-04-09 04:00:00      422.453     413.8458      0.003980
2024-04-10  16216581.0  421.8454  422.190  423.26  424.0300  419.7000   377856 2024-04-10 04:00:00      422.614     414.1166     -0.007085
2024-04-11  17966423.0  426.7616  425.820  427.93  429.3700  422.3600   345478 2024-04-11 04:00:00      423.264     414.5034      0.011033
2024-04-12  18742900.0  422.2862  424.050  421.90  425.1794  419.7700   372084 2024-04-12 04:00:00      423.382     414.9898     -0.014091
2024-04-15  19074288.0  418.2116  426.600  413.64  426.8200  413.4300   419719 2024-04-15 04:00:00      422.289     415.1870     -0.019578
2024-04-16  14696641.0  415.6117  414.570  414.58  418.4000  413.7301   344458 2024-04-16 04:00:00      421.603     415.2542      0.002273
2024-04-17  15372503.0  413.5992  417.250  411.84  418.8800  410.3300   352989 2024-04-17 04:00:00      420.742     415.3780     -0.006609
2024-04-18  19265719.0  407.1329  410.630  404.27  411.8900  403.9500   422636 2024-04-18 04:00:00      419.381     415.3536     -0.018381
2024-04-19  28791324.0  400.6510  404.030  399.12  405.4800  397.7700   470212 2024-04-19 04:00:00      416.741     415.0550     -0.012739
2024-04-22  18941793.0  400.1964  400.080  400.96  402.8500  395.7500   395555 2024-04-22 04:00:00      414.378     414.7920      0.004610
2024-04-23  14940953.0  406.8228  404.235  407.57  408.2000  403.0600   332235 2024-04-23 04:00:00      412.507     414.5324      0.016485
2024-04-24  14461957.0  408.7740  409.560  409.06  412.4700  406.7800   340052 2024-04-24 04:00:00      411.087     414.4084      0.003656
2024-04-25  39761357.0  397.6336  394.030  399.04  399.8899  388.0300   782597 2024-04-25 04:00:00      408.198     414.2628     -0.024495
2024-04-26  29220602.0  408.9535  412.170  406.32  413.0000  405.7601   531998 2024-04-26 04:00:00      406.640     414.1994      0.018244
2024-04-29  18864413.0  401.5909  405.250  402.25  406.3200  399.1900   423985 2024-04-29 04:00:00      405.501     414.1132     -0.010017
2024-04-30  28424870.0  393.9558  401.490  389.33  402.1600  389.1700   511416 2024-04-30 04:00:00      402.976     413.8186     -0.032119
2024-05-01  23162423.0  395.2760  392.610  394.94  401.7199  390.3100   459300 2024-05-01 04:00:00      401.286     413.6616      0.014409
2024-05-02  17110425.0  397.2914  397.660  397.84  399.9300  394.6515   336552 2024-05-02 04:00:00      400.643     413.5748      0.007343
2024-05-03  17270056.0  405.7815  402.280  406.66  407.1500  401.8600   356081 2024-05-03 04:00:00      401.397     413.4750      0.022170
2024-05-06  16009874.0  410.9057  408.760  413.54  413.9300  406.3701   350972 2024-05-06 04:00:00      402.655     413.5390      0.016918
2024-05-07  18696339.0  410.8883  414.660  409.34  414.6700  409.0900   334567 2024-05-07 04:00:00      402.832     413.5750     -0.010156
2024-05-08  11040561.0  410.4028  408.170  410.54  412.2300  406.7132   272490 2024-05-08 04:00:00      402.980     413.6362      0.002932
2024-05-09  13749799.0  411.6235  410.570  412.32  412.7200  409.1000   259247 2024-05-09 04:00:00      404.308     413.7282      0.004336
2024-05-10  12398523.0  414.2286  412.935  414.74  415.3800  411.8000   319615 2024-05-10 04:00:00      405.150     413.7502      0.005869
2024-05-13  14540245.0  413.8887  418.010  413.72  418.3480  410.8200   342705 2024-05-13 04:00:00      406.297     413.7146     -0.002459
2024-05-14  14213954.0  414.8008  412.020  416.56  417.4900  411.5500   340234 2024-05-14 04:00:00      409.020     413.7474      0.006865
2024-05-15  19636030.0  421.7109  417.900  423.08  423.8100  417.2700   414674 2024-05-15 04:00:00      411.834     414.1560      0.015652
2024-05-16  15854854.0  422.2607  421.800  420.99  425.4200  420.3500   363161 2024-05-16 04:00:00      414.149     414.5340     -0.004940
2024-05-17  14749276.0  420.0782  422.540  420.21  422.9200  418.0250   291440 2024-05-17 04:00:00      415.504     414.7554     -0.001853
2024-05-20  15094397.0  424.8108  420.210  425.34  426.7700  419.9900   325227 2024-05-20 04:00:00      416.684     415.1378      0.012208
2024-05-21  20482820.0  429.2647  426.825  429.04  432.9700  424.8500   391750 2024-05-21 04:00:00      418.654     415.6282      0.008699
2024-05-22  17595214.0  429.9959  430.090  430.52  432.4100  427.1300   326568 2024-05-22 04:00:00      420.652     415.9330      0.003450
2024-05-23  16412929.0  429.3145  432.970  427.00  433.6000  425.4240   363678 2024-05-23 04:00:00      422.120     416.1710     -0.008176
2024-05-24  11315176.0  428.7752  427.190  430.16  431.0550  424.4100   301608 2024-05-24 04:00:00      423.662     416.2698      0.007400
2024-05-28  15331042.0  429.0619  429.630  430.32  430.8200  426.6000   380595 2024-05-28 04:00:00      425.322     416.5478      0.000372
2024-05-29  14835728.0  429.2972  425.690  429.17  430.9400  425.6900   332724 2024-05-29 04:00:00      426.583     416.7848     -0.002672
2024-05-30  27431407.0  418.1865  424.300  414.67  424.3000  414.2400   553377 2024-05-30 04:00:00      425.742     416.6500     -0.033786
2024-05-31  43999851.0  411.5840  416.750  415.13  416.7500  404.5100   602037 2024-05-31 04:00:00      425.156     416.4480      0.001109
2024-06-03  16916987.0  412.7673  415.525  413.52  416.4300  408.9234   447097 2024-06-03 04:00:00      424.487     416.1310     -0.003878
2024-06-04  13882247.0  413.9097  412.430  416.07  416.4400  409.6750   316511 2024-06-04 04:00:00      423.560     415.8776      0.006167
2024-06-05  16495741.0  421.6942  417.810  424.01  424.0800  416.3000   362622 2024-06-05 04:00:00      423.057     415.9006      0.019083
2024-06-06  13860934.0  423.5659  424.010  424.52  425.3100  420.5800   338991 2024-06-06 04:00:00      422.457     415.9580      0.001203
2024-06-07  13202716.0  424.4873  426.200  423.85  426.2800  423.0000   242474 2024-06-07 04:00:00      422.142     416.0064     -0.001578
2024-06-10  12960379.0  426.8811  424.700  427.87  428.0800  423.8900   366147 2024-06-10 04:00:00      421.913     416.1494      0.009484
2024-06-11  13664488.0  429.9952  425.475  432.68  432.8200  425.2500   351827 2024-06-11 04:00:00      422.149     416.3116      0.011242
2024-06-12  21670711.0  439.3515  435.320  441.06  443.4000  433.2500   493518 2024-06-12 04:00:00      423.338     416.7040      0.019368
2024-06-13  15192736.0  441.5122  440.850  441.58  443.3900  439.3700   358381 2024-06-13 04:00:00      426.029     417.1266      0.001179
2024-06-14  12693028.0  441.7052  438.275  442.57  443.1376  436.7210   324775 2024-06-14 04:00:00      428.773     417.6204      0.002242
2024-06-17  19761406.0  446.7105  442.585  448.37  450.9400  440.7200   438209 2024-06-17 04:00:00      432.258     418.0774      0.013105
2024-06-18  16337112.0  446.7322  449.705  446.34  450.1400  444.8900   380959 2024-06-18 04:00:00      435.285     418.5124     -0.004528
2024-06-20  19178681.0  444.5128  446.300  445.70  446.5300  441.2700   444314 2024-06-20 04:00:00      437.454     418.9008     -0.001434
2024-06-21  27327346.0  448.6881  447.380  449.78  450.5800  446.5100   384808 2024-06-21 04:00:00      439.980     419.4312      0.009154
2024-06-24  14738189.0  448.7940  449.800  447.67  452.7500  446.4100   391405 2024-06-24 04:00:00      442.362     419.8260     -0.004691
2024-06-25  15664423.0  449.9170  448.250  450.95  451.4200  446.7500   312552 2024-06-25 04:00:00      444.670     420.4070      0.007327
2024-06-26  14468473.0  451.7744  449.000  452.16  453.6000  448.1900   327529 2024-06-26 04:00:00      446.618     421.1774      0.002683
2024-06-27  14190382.0  453.5921  452.175  452.85  456.1700  451.7700   327856 2024-06-27 04:00:00      447.797     421.9428      0.001526
2024-06-28  27413114.0  449.7762  453.070  446.95  455.3800  446.4100   399770 2024-06-28 04:00:00      448.334     422.6450     -0.013029
2024-07-01  17184979.0  453.1755  448.660  456.73  457.3700  445.6600   414390 2024-07-01 04:00:00      449.750     423.6942      0.021882
2024-07-02  13603136.0  457.5499  453.200  459.28  459.5900  453.1130   352685 2024-07-02 04:00:00      450.841     424.8974      0.005583
2024-07-03   9661681.0  459.7473  458.190  460.77  461.0200  457.8800   297068 2024-07-03 04:00:00      452.284     426.0936      0.003244
2024-07-05  15453383.0  466.1172  459.610  467.56  468.3500  458.9650   410828 2024-07-05 04:00:00      454.470     427.2934      0.014736
2024-07-08  12353937.0  465.8826  466.550  466.24  467.7000  464.4600   394862 2024-07-08 04:00:00      456.116     428.4370     -0.002823
2024-07-09  16938599.0  461.2776  467.000  459.54  467.3300  458.0000   457009 2024-07-09 04:00:00      457.303     429.6470     -0.014370
2024-07-10  17825850.0  463.8166  461.220  466.25  466.4600  458.8550   399234 2024-07-10 04:00:00      458.833     430.8456      0.014602
2024-07-11  22241072.0  455.8300  462.980  454.70  464.7800  451.5500   567173 2024-07-11 04:00:00      459.087     431.8946     -0.024772
2024-07-12  15564744.0  453.8402  454.325  453.55  456.3600  450.6450   438139 2024-07-12 04:00:00      459.157     433.1790     -0.002529
2024-07-15  13889645.0  453.9147  453.300  453.96  457.2600  451.4300   410257 2024-07-15 04:00:00      459.858     434.3594      0.000904
2024-07-16  16523164.0  449.2541  454.220  449.52  454.3000  446.6600   461985 2024-07-16 04:00:00      459.137     435.3930     -0.009781
2024-07-17  21165196.0  442.4424  442.590  443.52  444.8500  439.1800   541798 2024-07-17 04:00:00      457.561     436.1302     -0.013348
2024-07-18  19878915.0  438.7949  444.340  440.37  444.6500  434.4000   512442 2024-07-18 04:00:00      455.521     436.6668     -0.007102
2024-07-19  20232021.0  436.7068  433.100  437.11  441.1400  432.0000   483381 2024-07-19 04:00:00      452.476     437.2222     -0.007403
2024-07-22  14941044.0  442.5638  441.790  442.94  444.6000  438.9125   405578 2024-07-22 04:00:00      450.146     437.8702      0.013338
2024-07-23  12333947.0  445.2183  443.895  444.85  448.3900  443.1000   316348 2024-07-23 04:00:00      448.677     438.5208      0.004312
2024-07-24  25896704.0  431.1145  440.450  428.90  441.4800  427.5850   550640 2024-07-24 04:00:00      444.942     438.8040     -0.035855
2024-07-25  28188176.0  422.2519  428.800  418.40  429.8000  417.5100   618013 2024-07-25 04:00:00      441.312     438.8976     -0.024481
2024-07-26  20707446.0  424.1261  418.200  425.27  428.9150  417.2700   437297 2024-07-26 04:00:00      438.484     439.0718      0.016420
2024-07-29  14735954.0  427.4027  431.580  426.73  432.1500  424.7042   372579 2024-07-29 04:00:00      435.761     439.1448      0.003433
2024-07-30  32104706.0  416.0438  427.720  422.92  429.0500  417.3600   673187 2024-07-30 04:00:00      433.101     439.1834     -0.008928
2024-07-31  42096598.0  417.4143  420.495  418.35  421.7750  412.2100   812181 2024-07-31 04:00:00      430.584     439.1462     -0.010806
2024-08-01  29681006.0  419.2220  420.785  417.11  427.4600  413.0901   570568 2024-08-01 04:00:00      428.258     438.9816     -0.002964
2024-08-02  28373612.0  407.4518  412.490  408.49  415.0000  404.3400   640027 2024-08-02 04:00:00      425.396     438.5706     -0.020666
2024-08-05  38805980.0  394.8028  389.170  395.15  401.0400  385.5800   911236 2024-08-05 04:00:00      420.617     437.8632     -0.032657
2024-08-06  23608739.0  401.6113  400.000  399.61  405.6700  398.5000   523802 2024-08-06 04:00:00      416.093     437.3154      0.011287
2024-08-07  19206613.0  402.7799  408.635  398.43  410.0800  397.4700   434165 2024-08-07 04:00:00      413.046     436.6808     -0.002953
2024-08-08  18618547.0  402.8729  402.440  402.69  405.8600  399.9407   388713 2024-08-08 04:00:00      411.475     436.1282      0.010692
2024-08-09  17981644.0  405.3767  404.030  406.02  408.0500  402.2624   329931 2024-08-09 04:00:00      409.550     435.6652      0.008269
2024-08-12  15279064.0  406.4543  407.060  406.81  408.7600  404.2434   337998 2024-08-12 04:00:00      407.558     435.5080      0.001946
2024-08-13  18315025.0  413.2292  409.590  414.01  414.9500  409.5700   338544 2024-08-13 04:00:00      406.667     435.4856      0.017699
2024-08-14  17248560.0  416.0505  414.800  416.86  417.7200  412.4456   318367 2024-08-14 04:00:00      406.518     435.5524      0.006884
2024-08-15  18974288.0  419.9539  419.800  421.03  421.1100  417.6600   345787 2024-08-15 04:00:00      406.910     435.6516      0.010003
2024-08-16  21201583.0  419.0630  420.600  418.47  421.3400  417.3000   326100 2024-08-16 04:00:00      407.908     435.5408     -0.006080
2024-08-19  14419960.0  419.7971  418.960  421.53  421.7500  416.4600   325609 2024-08-19 04:00:00      410.546     435.4810      0.007312
2024-08-20  15778630.0  423.8305  421.700  424.80  425.8600  421.6400   311582 2024-08-20 04:00:00      413.065     435.5000      0.007757
2024-08-21  14809439.0  423.8463  424.075  424.14  426.4000  421.7200   299601 2024-08-21 04:00:00      415.636     435.4254     -0.001554
2024-08-22  18284617.0  417.8740  424.360  415.55  426.7899  414.6100   385308 2024-08-22 04:00:00      416.922     435.0828     -0.020253
2024-08-23  17487194.0  416.0467  416.980  416.79  419.2600  412.0900   366418 2024-08-23 04:00:00      417.999     434.5974      0.002984
2024-08-26  11206793.0  413.8098  416.365  413.49  417.2799  411.3400   330210 2024-08-26 04:00:00      418.667     434.0356     -0.007918
2024-08-27  13190099.0  413.0151  412.860  413.84  414.3600  410.2500   286577 2024-08-27 04:00:00      418.650     433.4610      0.000846
2024-08-28  14471795.0  410.4051  414.880  410.60  415.0000  407.3100   329307 2024-08-28 04:00:00      418.024     432.7056     -0.007829
2024-08-29  15705295.0  416.5147  414.940  413.12  422.0500  410.6000   355228 2024-08-29 04:00:00      417.233     432.0412      0.006137
2024-08-30  22593479.0  415.9288  415.600  417.14  417.4900  412.1300   314764 2024-08-30 04:00:00      417.100     431.4700      0.009731
2024-09-03  19462006.0  411.7979  417.910  409.44  419.8800  407.0300   430790 2024-09-03 04:00:00      415.891     430.6632     -0.018459
2024-09-04  14794676.0  408.5207  405.910  408.90  411.2400  404.3700   359637 2024-09-04 04:00:00      414.301     429.8878     -0.001319
2024-09-05  13141207.0  408.7551  407.620  408.39  413.1000  406.1300   330423 2024-09-05 04:00:00      412.726     429.0366     -0.001247
2024-09-06  18600087.0  402.9337  409.060  401.70  410.6500  400.8000   399042 2024-09-06 04:00:00      411.341     428.0274     -0.016381
2024-09-09  14630189.0  404.9951  407.240  405.72  408.6500  402.1500   339667 2024-09-09 04:00:00      410.234     427.0848      0.010007
2024-09-10  19293013.0  413.0549  408.200  414.20  416.3300  407.7000   366266 2024-09-10 04:00:00      410.305     426.4298      0.020901
2024-09-11  18046701.0  418.6730  415.500  423.04  423.9900  409.5800   375484 2024-09-11 04:00:00      411.225     425.7560      0.021342
2024-09-12  16264929.0  424.3262  423.310  427.00  427.3692  419.7500   366745 2024-09-12 04:00:00      412.865     425.1104      0.009361
2024-09-13  15705350.0  429.7470  425.825  430.59  431.8300  425.4600   318529 2024-09-13 04:00:00      414.612     424.5068      0.008407
2024-09-16  13174599.0  430.8393  430.600  431.34  433.5300  428.2200   348030 2024-09-16 04:00:00      416.032     423.7824      0.001742
2024-09-17  18577155.0  436.5209  440.230  435.15  441.8500  432.2700   408651 2024-09-17 04:00:00      418.603     423.1606      0.008833
2024-09-18  18441947.0  432.2636  435.000  430.81  436.0300  430.4100   372012 2024-09-18 04:00:00      420.794     422.5860     -0.009974
2024-09-19  20490163.0  438.9774  441.225  438.69  441.5000  436.9000   381552 2024-09-19 04:00:00      423.824     422.0348      0.018291
2024-09-20  49826691.0  435.7662  437.220  435.27  439.2400  434.2200   336166 2024-09-20 04:00:00      427.181     421.6462     -0.007796
2024-09-23  14511491.0  433.7663  434.280  433.51  436.4600  430.3889   295190 2024-09-23 04:00:00      429.960     421.2454     -0.004043
2024-09-24  16095917.0  429.1280  433.000  429.17  433.3500  426.1000   339617 2024-09-24 04:00:00      431.457     420.7496     -0.010011
2024-09-25  12524639.0  431.4524  429.830  432.11  433.1190  428.5700   285179 2024-09-25 04:00:00      432.364     420.4014      0.006850
2024-09-26  13740245.0  431.1680  435.085  431.31  435.3000  429.1300   265426 2024-09-26 04:00:00      432.795     420.1572     -0.001851
2024-09-27  14136408.0  429.0823  431.520  428.02  431.8500  427.4700   285393 2024-09-27 04:00:00      432.538     419.9102     -0.007628
2024-09-30  15793208.0  428.6279  428.210  430.30  430.4200  425.3700   331677 2024-09-30 04:00:00      432.434     419.7740      0.005327
2024-10-01  18195547.0  421.7282  428.450  420.69  428.4800  418.8100   426379 2024-10-01 04:00:00      430.988     419.3290     -0.022333
2024-10-02  16014496.0  418.0907  422.580  417.13  422.8200  416.7100   365210 2024-10-02 04:00:00      429.620     418.7746     -0.008462
2024-10-03  13031361.0  416.6239  417.630  416.54  419.5500  414.2900   315064 2024-10-03 04:00:00      427.405     418.5274     -0.001414
2024-10-04  17319719.0  416.8556  418.240  416.06  419.7500  414.9700   356031 2024-10-04 04:00:00      425.484     418.4806     -0.001152
2024-10-07  19304152.0  412.2925  416.000  409.54  417.1100  409.0000   442003 2024-10-07 04:00:00      423.087     418.1660     -0.015671
2024-10-08  18121969.0  413.4183  410.900  414.71  415.6600  408.1700   314488 2024-10-08 04:00:00      421.641     417.9256      0.012624
2024-10-09  14448774.0  417.5677  415.860  417.46  420.3800  414.3000   334125 2024-10-09 04:00:00      420.176     417.8164      0.006631
2024-10-10  13319522.0  415.5539  415.225  415.84  417.3500  413.1500   304184 2024-10-10 04:00:00      418.629     417.7662     -0.003881
2024-10-11  13455365.0  415.4889  416.135  416.32  417.1300  413.2500   318289 2024-10-11 04:00:00      417.459     417.7504      0.001154
2024-10-14  16020864.0  420.1556  417.770  419.14  424.0400  417.5200   357970 2024-10-14 04:00:00      416.343     417.9634      0.006774
2024-10-15  17712232.0  418.2870  422.180  418.74  422.4800  415.2600   375046 2024-10-15 04:00:00      416.148     418.4352     -0.000954
2024-10-16  14879191.0  414.8356  415.170  416.12  416.3600  410.4800   361079 2024-10-16 04:00:00      416.047     418.7654     -0.006257
2024-10-17  13334766.0  417.4215  422.360  416.72  422.5000  415.5900   295631 2024-10-17 04:00:00      416.065     419.1312      0.001442
2024-10-18  16494649.0  417.6994  417.140  418.16  419.6500  416.2601   275193 2024-10-18 04:00:00      416.275     419.4406      0.003456
2024-10-21  12621668.0  416.9895  416.120  418.78  418.9600  413.7501   320996 2024-10-21 04:00:00      417.199     419.6958      0.001483
2024-10-22  24276062.0  426.7173  418.490  427.51  430.5793  418.0400   447289 2024-10-22 04:00:00      418.479     420.1098      0.020846
2024-10-23  17894627.0  426.7047  430.855  424.60  431.0800  422.5300   396161 2024-10-23 04:00:00      419.193     420.3216     -0.006807
2024-10-24  12832122.0  424.5947  425.325  424.73  425.9782  422.4000   276422 2024-10-24 04:00:00      420.082     420.4790      0.000306
2024-10-25  15749168.0  429.4111  426.760  428.15  432.5200  426.5650   342298 2024-10-25 04:00:00      421.265     420.6214      0.008052
2024-10-28  13235584.0  428.1811  431.655  426.59  431.9400  426.3000   354089 2024-10-28 04:00:00      422.010     420.7838     -0.003644
2024-10-29  16555708.0  430.9145  428.000  431.95  433.1700  425.8001   340912 2024-10-29 04:00:00      423.331     420.9922      0.012565
2024-10-30  28858471.0  434.2073  437.435  432.53  438.5000  432.1000   641093 2024-10-30 04:00:00      424.972     421.1468      0.001343
2024-10-31  52514317.0  409.0217  415.360  406.35  416.1600  406.3000  1064026 2024-10-31 04:00:00      423.935     420.7910     -0.060528
2024-11-01  21839908.0  411.5489  409.010  410.37  415.5000  407.5000   493553 2024-11-01 04:00:00      423.156     420.6874      0.009893
2024-11-04  18822868.0  408.2812  409.800  408.46  410.4150  405.5713   416049 2024-11-04 05:00:00      422.124     420.5208     -0.004654
2024-11-05  17020289.0  412.1302  408.370  411.46  414.9000  408.0800   267862 2024-11-05 05:00:00      420.519     420.4802      0.007345
2024-11-06  25299404.0  417.7432  412.420  420.18  420.4500  410.5200   533267 2024-11-06 05:00:00      420.077     420.6070      0.021193
2024-11-07  18279603.0  424.3763  421.280  425.43  426.8500  419.8800   404045 2024-11-07 05:00:00      420.147     420.9036      0.012495
2024-11-08  15896229.0  423.4037  425.320  422.54  426.5000  421.7800   353979 2024-11-08 05:00:00      419.586     421.0920     -0.006793
2024-11-11  19364976.0  419.2527  422.515  418.01  424.8100  416.0000   365232 2024-11-11 05:00:00      418.728     421.1094     -0.010721
2024-11-12  18217447.0  421.6420  418.250  423.03  424.4400  417.2000   340321 2024-11-12 05:00:00      417.836     421.3812      0.012009
2024-11-13  20456709.0  424.5635  421.640  425.20  429.3250  418.2100   341771 2024-11-13 05:00:00      417.103     421.7072      0.005130
2024-11-14  27218675.0  426.0723  425.000  426.89  428.1700  420.0000   380136 2024-11-14 05:00:00      419.157     422.0772      0.003975
2024-11-15  27330826.0  416.3795  419.820  415.00  422.8000  413.6400   381224 2024-11-15 05:00:00      419.620     422.3432     -0.027853
2024-11-18  22575673.0  415.8348  414.870  415.76  418.4037  412.1000   281790 2024-11-18 05:00:00      420.350     422.5440      0.001831
2024-11-19  16903922.0  415.5357  413.110  417.79  417.9400  411.5500   276116 2024-11-19 05:00:00      420.983     422.6158      0.004883
2024-11-20  17202555.0  414.5215  416.870  415.49  417.2900  410.5800   285377 2024-11-20 05:00:00      420.514     422.4648     -0.005505
2024-11-21  18154614.0  413.7322  419.500  412.87  419.7800  410.2887   335387 2024-11-21 05:00:00      419.258     422.1822     -0.006306
2024-11-22  22803358.0  414.8945  411.365  417.00  417.4000  411.0600   284487 2024-11-22 05:00:00      418.704     421.9104      0.010003
2024-11-25  24447471.0  417.8640  418.380  418.79  421.0800  414.8500   313032 2024-11-25 05:00:00      418.782     421.6594      0.004293
2024-11-26  22825574.0  425.8382  419.585  427.99  429.0414  418.8500   347024 2024-11-26 05:00:00      419.278     421.5162      0.021968
2024-11-27  17407455.0  423.9513  425.105  422.99  427.2299  422.0200   260938 2024-11-27 05:00:00      419.057     421.3598     -0.011683
2024-11-29  15132529.0  422.3526  420.090  423.46  424.8849  417.8000   210494 2024-11-29 05:00:00      418.714     421.0552      0.001111
2024-12-02  18092788.0  430.0384  421.570  430.98  433.0000  421.3100   334777 2024-12-02 05:00:00      420.312     420.9694      0.017758
2024-12-03  17100500.0  430.6945  429.840  431.20  432.4700  427.7400   268103 2024-12-03 05:00:00      421.856     420.9232      0.000510
2024-12-04  23888329.0  437.1989  433.030  437.42  439.6700  432.6300   350721 2024-12-04 05:00:00      423.819     421.0882      0.014425
2024-12-05  20802839.0  441.6870  437.920  442.62  444.6600  436.1710   328701 2024-12-05 05:00:00      426.532     421.2984      0.011888
2024-12-06  17936304.0  443.6498  442.300  443.57  446.1000  441.7703   277174 2024-12-06 05:00:00      429.602     421.5436      0.002146
2024-12-09  17082222.0  445.4444  442.600  446.02  448.3300  440.5000   318755 2024-12-09 05:00:00      432.504     421.9036      0.005523