                v_NFLX        vw   o_NFLX  c_NFLX    h_NFLX    l_NFLX       n                 t_a  NFLX_SMA_10  NFLX_SMA_50  NFLX_Returns
t                                                                                                                                        
2023-12-11   4929662.0  464.2623  459.360  459.89  470.6500  457.2100  129117 2023-12-11 05:00:00      461.733     424.1564      0.013509
2023-12-12   3302660.0  462.0374  465.230  463.00  465.6100  459.1962   92205 2023-12-12 05:00:00      460.133     425.8098      0.006762
2023-12-13   5820192.0  475.1983  461.980  479.98  481.2500  461.9800  152297 2023-12-13 05:00:00      460.412     427.8744      0.036674
2023-12-14   5176437.0  470.7557  480.360  469.83  480.7600  464.7601  137290 2023-12-14 05:00:00      459.998     429.7330     -0.021147
2023-12-15   7805292.0  470.9958  467.300  472.06  473.0000  467.3000  104436 2023-12-15 05:00:00      460.630     431.7224      0.004746
2023-12-18   6410660.0  486.2086  476.300  486.12  492.0400  475.0950  149690 2023-12-18 05:00:00      463.852     433.8146      0.029784
2023-12-19   3849014.0  491.9757  488.400  495.02  496.1400  484.0600  103606 2023-12-19 05:00:00      467.839     435.9960      0.018308
2023-12-20   4563690.0  495.0349  492.000  489.27  500.8900  488.3900  124930 2023-12-20 05:00:00      472.093     438.3150     -0.011616
2023-12-21   2756225.0  490.4682  492.660  491.61  494.4000  486.7700   78537 2023-12-21 05:00:00      476.054     440.8286      0.004783
2023-12-22   2702672.0  489.3575  494.000  486.76  496.0200  485.4500   81510 2023-12-22 05:00:00      479.354     443.3398     -0.009866
2023-12-26   2034517.0  489.4447  489.390  491.19  491.4800  486.3800   65873 2023-12-26 05:00:00      482.484     446.0500      0.009101
2023-12-27   2561330.0  491.3421  491.240  491.79  494.0150  489.2500   73419 2023-12-27 05:00:00      485.363     448.6694      0.001222
2023-12-28   1710492.0  490.6720  492.000  490.51  492.8900  489.0700   66008 2023-12-28 05:00:00      486.416     451.3652     -0.002603
2023-12-29   2740555.0  486.0298  490.370  486.88  492.2299  481.9350   82052 2023-12-29 05:00:00      488.121     454.1790     -0.007400
2024-01-02   5038623.0  469.3819  483.185  468.50  484.6500  461.8600  145057 2024-01-02 05:00:00      487.765     455.5136     -0.037751
2024-01-03   3442594.0  471.1596  467.320  470.26  475.0500  465.7727   94292 2024-01-03 05:00:00      486.179     456.8996      0.003757
2024-01-04   3606113.0  475.1222  472.980  474.67  480.7393  466.5300   93717 2024-01-04 05:00:00      484.144     458.2562      0.009378
2024-01-05   2631250.0  474.7629  476.500  474.06  479.5450  471.8040   78345 2024-01-05 05:00:00      482.623     459.4628     -0.001285
2024-01-08   3675775.0  481.2765  473.890  485.03  485.2400  473.6500   97407 2024-01-08 05:00:00      481.965     460.9384      0.023141
2024-01-09   3525257.0  479.9868  475.530  482.09  485.0850  473.8000   94891 2024-01-09 05:00:00      481.498     462.5094     -0.006061
2024-01-10   4342448.0  478.2429  481.600  478.33  487.0000  472.9500  106506 2024-01-10 05:00:00      480.212     464.1186     -0.007799
2024-01-11   7993265.0  492.3978  492.540  492.23  503.4100  483.8200  184188 2024-01-11 05:00:00      480.256     465.7616      0.029059
2024-01-12   5003718.0  494.4865  500.510  492.16  500.7900  490.6100  114777 2024-01-12 05:00:00      480.421     467.3710     -0.000142
2024-01-16   4678974.0  483.3556  490.000  481.24  494.1500  478.0200  128383 2024-01-16 05:00:00      479.857     468.5920     -0.022188
2024-01-17   4801993.0  479.8486  484.500  480.33  486.2100  475.2642  115622 2024-01-17 05:00:00      481.040     469.7044     -0.001891
2024-01-18   4052869.0  483.3344  480.030  485.31  485.7700  478.0200  103784 2024-01-18 05:00:00      482.545     470.7634      0.010368
2024-01-19   5672351.0  480.7022  484.980  482.95  485.6700  476.0600  119503 2024-01-19 05:00:00      483.373     471.7276     -0.004863
2024-01-22   5208109.0  485.6583  487.550  485.71  489.8000  479.9000  127093 2024-01-22 05:00:00      484.538     472.7496      0.005715
2024-01-23  15506024.0  498.5626  492.000  492.19  498.9600  481.4000  316371 2024-01-23 05:00:00      485.254     473.8604      0.013341
2024-01-24  26398497.0  551.3853  537.750  544.87  562.5000  537.0700  480993 2024-01-24 05:00:00      491.532     476.0548      0.107032
2024-01-25   9451915.0  555.5514  551.950  562.00  563.4600  548.4600  218016 2024-01-25 05:00:00      499.899     478.3500      0.031439
2024-01-26  12770571.0  571.7374  561.810  570.42  579.6400  558.4319  256616 2024-01-26 05:00:00      507.718     480.8660      0.014982
2024-01-29   6905390.0  571.4521  571.350  575.79  578.5499  562.6800  162886 2024-01-29 05:00:00      516.081     483.4088      0.009414
2024-01-30   6181798.0  564.9901  567.320  562.85  570.8800  560.8200  155982 2024-01-30 05:00:00      524.242     485.4270     -0.022473
2024-01-31   4857599.0  565.9376  562.850  564.11  572.1500  562.0450  119912 2024-01-31 05:00:00      532.620     487.3702      0.002239
2024-02-01   3174002.0  567.6375  567.020  567.51  572.6600  563.8300   94370 2024-02-01 05:00:00      540.840     489.4022      0.006027
2024-02-02   4032843.0  564.7931  564.520  564.64  567.8000  562.3700  116103 2024-02-02 05:00:00      549.009     491.2056     -0.005057
2024-02-05   4143099.0  564.0889  562.470  562.06  575.7500  557.1950  112036 2024-02-05 05:00:00      556.644     492.9478     -0.004569
2024-02-06   2825300.0  557.4900  564.120  555.88  566.3399  554.3700   91003 2024-02-06 05:00:00      563.013     494.5054     -0.010995
2024-02-07   4372491.0  562.0665  558.160  559.30  567.8000  554.9800  105419 2024-02-07 05:00:00      564.456     496.1002      0.006152
2024-02-08   3175468.0  558.9045  560.550  558.53  563.7000  555.7400   93871 2024-02-08 05:00:00      564.109     497.6874     -0.001377
2024-02-09   3055698.0  561.7152  565.000  561.32  566.0000  558.1000   87494 2024-02-09 05:00:00      563.199     499.3338      0.004995
2024-02-12   3608487.0  561.4124  560.360  557.85  568.4400  557.0000  101262 2024-02-12 05:00:00      561.405     500.9470     -0.006182
2024-02-13   3511453.0  554.5206  550.800  554.52  559.1999  549.0000   97753 2024-02-13 05:00:00      560.572     502.5580     -0.005969
2024-02-14   5634226.0  574.0311  567.260  579.33  581.2480  564.3400  150440 2024-02-14 05:00:00      562.094     504.8298      0.044741
2024-02-15   5220938.0  588.6776  581.910  593.46  593.7700  580.3200  141773 2024-02-15 05:00:00      564.689     507.6210      0.024390
2024-02-16   4325689.0  585.8067  596.950  583.95  597.0000  577.4600  122754 2024-02-16 05:00:00      566.620     510.1970     -0.016025
2024-02-20   3124236.0  574.5547  580.180  575.13  586.0000  569.6600   96566 2024-02-20 05:00:00      567.927     512.7650     -0.015104
2024-02-21   2281143.0  572.5353  573.510  573.35  575.7750  567.3200   82685 2024-02-21 05:00:00      569.674     515.1920     -0.003095
2024-02-22   3526597.0  586.4055  582.750  588.47  590.8500  578.8850  105448 2024-02-22 05:00:00      572.591     517.8862      0.026371
2024-02-23   2468852.0  584.4375  586.400  583.56  592.4300  579.8200   76339 2024-02-23 05:00:00      575.094     520.3596     -0.008344
2024-02-26   2393712.0  587.6731  583.560  587.65  590.7500  583.2700   80240 2024-02-26 05:00:00      577.727     522.8526      0.007009
2024-02-27   4489355.0  600.0732  595.000  601.67  605.3600  592.3300  137763 2024-02-27 05:00:00      582.109     525.2864      0.023858
2024-02-28   2605242.0  595.2790  595.790  596.48  598.1700  590.0100   87227 2024-02-28 05:00:00      586.305     527.8194     -0.008626
2024-02-29   3572082.0  601.3192  604.250  602.92  604.5161  595.1600   85606 2024-02-29 05:00:00      588.664     530.4366      0.010797
2024-03-01   4270305.0  613.6033  599.810  619.34  620.2800  599.5000  128597 2024-03-01 05:00:00      591.252     533.1010      0.027234
2024-03-04   3020306.0  618.4999  621.560  615.83  624.4200  615.0800  108838 2024-03-04 05:00:00      594.440     535.5172     -0.005667
2024-03-05   3849563.0  598.7412  610.100  598.50  610.9100  592.0000  123204 2024-03-05 05:00:00      596.777     537.7018     -0.028141
2024-03-06   2469592.0  600.2233  602.990  597.69  607.9300  593.5555   89902 2024-03-06 05:00:00      599.211     539.8234     -0.001353
2024-03-07   2742805.0  606.0563  599.340  608.51  610.5300  595.9000   86915 2024-03-07 05:00:00      601.215     542.2584      0.018103
2024-03-08   2777243.0  607.4252  608.270  604.82  616.0900  600.8400   91363 2024-03-08 05:00:00      603.341     544.5310     -0.006064
2024-03-11   2500940.0  604.1894  608.080  600.93  611.0000  600.3700   90341 2024-03-11 04:00:00      604.669     546.7138     -0.006432
2024-03-12   2821631.0  608.0635  600.210  611.08  615.3000  596.2700   92851 2024-03-12 04:00:00      605.610     549.1252      0.016890
2024-03-13   2192094.0  610.4485  613.370  609.45  614.8499  607.2100   71175 2024-03-13 04:00:00      606.907     551.5766     -0.002667
2024-03-14   3120452.0  612.3301  615.000  613.01  620.8000  607.3500   95619 2024-03-14 04:00:00      607.916     554.4668      0.005841
2024-03-15   6671629.0  610.4201  622.920  605.88  622.9200  603.8200  111412 2024-03-15 04:00:00      606.570     557.1792     -0.011631
2024-03-18   3344246.0  619.6567  613.560  618.39  627.4100  610.4481  104274 2024-03-18 04:00:00      606.826     560.0536      0.020648
2024-03-19   2142613.0  617.0135  615.620  620.74  621.2800  608.0000   74007 2024-03-19 04:00:00      609.050     562.9872      0.003800
2024-03-20   2639509.0  624.8877  619.950  627.69  629.5050  618.3400   81403 2024-03-20 04:00:00      612.050     565.8404      0.011196
2024-03-21   2507671.0  626.3538  630.650  622.71  634.3617  622.3300   88120 2024-03-21 04:00:00      613.470     568.6528     -0.007934
2024-03-22   2135688.0  626.6156  624.160  628.01  629.0500  621.0000   70864 2024-03-22 04:00:00      615.789     571.6464      0.008511
2024-03-25   1803264.0  627.8938  627.900  627.46  630.4600  623.1600   71055 2024-03-25 04:00:00      618.442     574.3510     -0.000876
2024-03-26   2804453.0  628.8203  625.200  629.24  634.3899  619.1836   82664 2024-03-26 04:00:00      620.258     577.0926      0.002837
2024-03-27   2628267.0  616.5988  629.010  613.53  631.3500  610.7300   95120 2024-03-27 04:00:00      620.666     579.7384     -0.024967
2024-03-28   3707363.0  606.2271  614.990  607.33  615.0000  601.5900  110234 2024-03-28 04:00:00      620.098     582.2784     -0.010105
2024-04-01   2115925.0  611.4022  608.000  614.31  615.1100  605.5710   82606 2024-04-01 04:00:00      620.941     584.8584      0.011493
2024-04-02   2029217.0  611.2384  611.000  614.21  615.0300  605.5101   72422 2024-04-02 04:00:00      620.523     587.4836     -0.000163
2024-04-03   2931231.0  626.0160  612.745  630.08  630.4100  611.5000   96201 2024-04-03 04:00:00      621.457     590.3710      0.025838
2024-04-04   3061629.0  626.5112  633.210  617.14  638.0000  616.5800   95569 2024-04-04 04:00:00      620.402     592.8700     -0.020537
2024-04-05   3377842.0  633.6126  624.920  636.18  637.9100  622.7100  107085 2024-04-05 04:00:00      621.749     594.6962      0.030852
2024-04-08   2145731.0  631.1899  636.390  628.41  639.0000  628.1100   84220 2024-04-08 04:00:00      621.789     596.0244     -0.012214
2024-04-09   2146635.0  619.8226  631.990  618.20  631.9900  615.6347   85331 2024-04-09 04:00:00      620.863     596.9800     -0.016247
2024-04-10   2800158.0  616.6335  610.970  618.58  620.1400  609.3400   81217 2024-04-10 04:00:00      619.797     597.8358      0.000615
2024-04-11   2662662.0  626.1390  624.420  628.78  631.6600  617.2400   80594 2024-04-11 04:00:00      621.322     599.1544      0.016489
2024-04-12   2959269.0  624.1555  628.230  622.83  633.1199  618.9150   92075 2024-04-12 04:00:00      622.872     600.3288     -0.009463
2024-04-15   2943017.0  613.5831  630.170  607.15  630.1700  603.8710  103825 2024-04-15 04:00:00      622.156     601.1216     -0.025175
2024-04-16   3466132.0  618.3169  607.500  617.52  622.4500  607.5000  110556 2024-04-16 04:00:00      622.487     602.1792      0.017080
2024-04-17   3253188.0  613.6976  620.970  613.69  620.9700  607.7100   98949 2024-04-17 04:00:00      620.848     603.2118     -0.006202
2024-04-18   8446708.0  604.5909  612.100  610.56  621.3300  605.4350  231189 2024-04-18 04:00:00      620.190     604.3054     -0.005100
2024-04-19  16399923.0  562.8627  567.880  555.04  579.0000  552.1600  365066 2024-04-19 04:00:00      612.076     604.2202     -0.090933
2024-04-22   8505635.0  551.2549  550.660  554.60  558.6100  542.0100  185000 2024-04-22 04:00:00      604.695     604.1416     -0.000793
2024-04-23   4923022.0  572.1010  556.490  577.75  579.2100  555.2800  147044 2024-04-23 04:00:00      600.650     604.4702      0.041742
2024-04-24   5311637.0  558.0287  574.310  555.12  576.9070  551.3000  156052 2024-04-24 04:00:00      594.304     604.4156     -0.039169
2024-04-25   3753203.0  560.1701  549.460  564.80  566.5400  545.7050  118427 2024-04-25 04:00:00      587.906     604.6212      0.017438
2024-04-26   4293039.0  558.1995  558.210  561.23  562.9200  553.1900  123070 2024-04-26 04:00:00      581.746     604.2592     -0.006321
2024-04-29   2374409.0  557.5423  559.180  559.49  559.6400  554.2400   92770 2024-04-29 04:00:00      576.980     603.5798     -0.003100
2024-04-30   3335355.0  552.6663  560.000  550.64  560.0000  549.3750   87462 2024-04-30 04:00:00      570.292     602.9136     -0.015818
2024-05-01   3426664.0  550.8816  547.840  551.71  560.3900  544.2500   99426 2024-05-01 04:00:00      564.094     602.4452      0.001943
2024-05-02   3038909.0  562.7749  556.020  565.15  565.4600  555.5900   85965 2024-05-02 04:00:00      559.553     602.2812      0.024361
2024-05-03   3295589.0  576.4943  566.000  579.34  580.2600  565.1600   98847 2024-05-03 04:00:00      561.983     602.0986      0.025108
2024-05-06   3667069.0  592.0445  581.820  596.97  597.3400  580.2500  109515 2024-05-06 04:00:00      566.220     602.3668      0.030431
2024-05-07   3584403.0  602.3596  596.280  606.00  606.0500  591.3200  101248 2024-05-07 04:00:00      569.045     602.7338      0.015126
2024-05-08   3067646.0  612.2164  601.630  609.47  618.2200  601.6300   97568 2024-05-08 04:00:00      574.480     602.8898      0.005726
2024-05-09   2025626.0  612.0216  614.400  612.09  615.7200  605.7500   77622 2024-05-09 04:00:00      579.209     603.2020      0.004299
2024-05-10   2634719.0  612.4016  619.000  610.87  623.9800  605.0600   91574 2024-05-10 04:00:00      584.173     603.3610     -0.001993
2024-05-13   2069115.0  613.9813  614.300  616.59  618.2190  606.8300   80428 2024-05-13 04:00:00      589.883     603.3060      0.009364
2024-05-14   2778041.0  613.7245  615.170  613.66  621.4800  608.4000   89962 2024-05-14 04:00:00      596.185     603.2626     -0.004752
2024-05-15   5464229.0  615.5336  618.570  613.52  624.1000  609.1000  143584 2024-05-15 04:00:00      602.366     603.5630     -0.000228
2024-05-16   3039110.0  612.6059  615.750  610.52  618.3400  609.0900   86616 2024-05-16 04:00:00      606.903     603.8196     -0.004890
2024-05-17   3678459.0  620.3551  617.000  621.10  625.7900  614.7141   93966 2024-05-17 04:00:00      611.079     604.0714      0.017329
2024-05-20   3752218.0  634.3344  620.400  640.82  644.3700  619.5200  122575 2024-05-20 04:00:00      615.464     604.7914      0.031750
2024-05-21   2892622.0  646.1227  636.760  650.61  650.8800  634.2200  101662 2024-05-21 04:00:00      619.925     605.7850      0.015277
2024-05-22   2160279.0  642.0527  647.140  640.47  649.2500  638.1200   81835 2024-05-22 04:00:00      623.025     606.3728     -0.015585
2024-05-23   2262790.0  635.9874  642.340  635.67  642.7100  630.0000   84603 2024-05-23 04:00:00      625.383     606.8972     -0.007494
2024-05-24   2505786.0  647.7824  639.400  646.75  652.0000  637.6000   86720 2024-05-24 04:00:00      628.971     607.5720      0.017430
2024-05-28   2548103.0  647.1340  647.050  649.00  649.7500  643.0300   87390 2024-05-28 04:00:00      632.212     608.4344      0.003479
2024-05-29   3607399.0  658.1038  644.130  654.62  664.2500  643.8900  113658 2024-05-29 04:00:00      636.308     609.1590      0.008659
2024-05-30   2356421.0  649.9533  653.520  647.66  656.4899  644.7300   90181 2024-05-30 04:00:00      639.722     609.6974     -0.010632
2024-05-31   3779543.0  638.0517  644.010  641.62  648.5800  628.3000  110688 2024-05-31 04:00:00      642.832     609.9760     -0.009326
2024-06-03   2251640.0  633.6978  645.215  633.79  646.7800  627.2700   99831 2024-06-03 04:00:00      644.101     610.1976     -0.012203
2024-06-04   2929983.0  631.5336  633.780  631.62  635.2299  626.4400   85001 2024-06-04 04:00:00      643.181     610.2698     -0.003424
2024-06-05   2664537.0  645.3426  634.020  650.27  651.2500  628.2500   90952 2024-06-05 04:00:00      643.147     610.7260      0.029527
2024-06-06   2414436.0  651.1696  644.890  648.52  657.9900  644.2368   82977 2024-06-06 04:00:00      643.952     611.1116     -0.002691
2024-06-07   1842418.0  643.9691  649.380  641.47  650.4000  640.2401   60734 2024-06-07 04:00:00      644.532     611.6704     -0.010871
2024-06-10   1908761.0  641.8924  641.010  644.50  644.7900  635.5900   78369 2024-06-10 04:00:00      644.307     612.4138      0.004724
2024-06-11   2131447.0  645.8869  640.720  648.55  650.1900  640.5200   79974 2024-06-11 04:00:00      644.262     613.0986      0.006284
2024-06-12   2073424.0  649.9415  652.210  650.06  655.7800  643.1100   89686 2024-06-12 04:00:00      643.806     613.8156      0.002328
2024-06-13   1837010.0  650.8662  644.000  653.26  655.2500  642.3500   82647 2024-06-13 04:00:00      644.366     614.2792      0.004923
2024-06-14   4413527.0  668.7136  655.050  669.38  675.5800  652.6400  139573 2024-06-14 04:00:00      647.142     615.3240      0.024676
2024-06-17   3522749.0  675.4819  669.110  675.83  682.7099  665.1101  124035 2024-06-17 04:00:00      651.346     616.1170      0.009636
2024-06-18   2876704.0  682.9357  675.630  685.67  687.0600  674.6400   99071 2024-06-18 04:00:00      656.751     617.2622      0.014560
2024-06-20   2544168.0  680.1276  681.800  679.03  689.8800  673.7203  103091 2024-06-20 04:00:00      659.627     618.4788     -0.009684
2024-06-21   4261595.0  684.3474  683.260  686.12  686.9000  678.1000   90444 2024-06-21 04:00:00      663.387     619.8296      0.010441
2024-06-24   3836688.0  671.3905  685.000  669.02  685.5000  664.5000  118992 2024-06-24 04:00:00      666.142     620.6344     -0.024923
2024-06-25   2194325.0  669.6081  673.440  672.41  673.6650  662.3000   78148 2024-06-25 04:00:00      668.933     621.6260      0.005067
2024-06-26   3449484.0  677.1863  672.410  677.69  682.9600  670.0200   79124 2024-06-26 04:00:00      671.847     623.0368      0.007852
2024-06-27   2371128.0  684.7053  679.350  684.34  688.5700  678.1400   82945 2024-06-27 04:00:00      675.275     624.3732      0.009813
2024-06-28   3261691.0  677.2441  679.000  674.88  687.0000  673.0800   95582 2024-06-28 04:00:00      677.437     625.5970     -0.013824
2024-07-01   2173401.0  671.1159  674.890  673.61  675.0200  663.7800   84221 2024-07-01 04:00:00      677.860     626.8580     -0.001882
2024-07-02   2303480.0  678.0127  673.540  679.58  681.7400  670.0700   78740 2024-07-02 04:00:00      678.235     629.3488      0.008863
2024-07-03   1386588.0  681.1938  677.480  682.51  683.7499  675.5000   54792 2024-07-03 04:00:00      677.919     631.9070      0.004311
2024-07-05   2534722.0  690.9148  682.510  690.65  697.4900  677.2300  100838 2024-07-05 04:00:00      679.081     634.1650      0.011927
2024-07-08   1867228.0  685.5578  687.000  685.74  688.8600  681.4850   85594 2024-07-08 04:00:00      679.043     636.7774     -0.007109
2024-07-09   2572924.0  689.6435  690.000  685.74  695.2700  684.7200   91429 2024-07-09 04:00:00      680.715     639.1962      0.000000
2024-07-10   2623676.0  678.4154  685.020  677.65  687.2200  673.1600  108107 2024-07-10 04:00:00      681.239     641.5246     -0.011797
2024-07-11   4915465.0  656.4160  672.485  652.75  672.4850  647.4400  153986 2024-07-11 04:00:00      678.745     643.3898     -0.036745
2024-07-12   3314180.0  650.5791  652.750  647.60  655.9200  643.7075  131968 2024-07-12 04:00:00      675.071     645.3290     -0.007890
2024-07-15   3180444.0  658.1784  647.500  656.45  667.5400  646.6300  122221 2024-07-15 04:00:00      673.228     647.4238      0.013666
2024-07-16   2634320.0  655.1249  661.800  656.32  663.6750  649.1300  117072 2024-07-16 04:00:00      671.499     649.2472     -0.000198
2024-07-17   3979001.0  645.7973  650.000  647.46  650.4500  639.4700  132604 2024-07-17 04:00:00      668.287     650.6096     -0.013500
2024-07-18   7524111.0  640.9087  656.600  643.04  657.0395  639.1650  233988 2024-07-18 04:00:00      664.340     651.5310     -0.006827
2024-07-19   9749355.0  644.4447  660.640  633.34  678.9700  629.1201  243482 2024-07-19 04:00:00      658.609     652.0778     -0.015085
2024-07-22   5140372.0  647.3824  639.500  647.50  656.2900  632.6000  175850 2024-07-22 04:00:00      654.785     652.8384      0.022358
2024-07-23   2435059.0  644.0323  647.500  642.76  649.9100  641.0001   92295 2024-07-23 04:00:00      650.487     653.4518     -0.007320
2024-07-24   4798790.0  640.2198  635.740  635.99  652.4200  632.6744  132986 2024-07-24 04:00:00      646.321     653.9542     -0.010533
2024-07-25   4468594.0  637.0071  641.000  634.09  649.9800  621.7001  118027 2024-07-25 04:00:00      644.455     654.3042     -0.002987
2024-07-26   3004044.0  635.5777  645.000  631.37  646.9899  629.7700   89901 2024-07-26 04:00:00      642.832     654.6584     -0.004290
2024-07-29   2372990.0  627.9930  634.610  626.96  634.6100  623.9300   77061 2024-07-29 04:00:00      639.883     654.9272     -0.006985
2024-07-30   3278969.0  623.8792  630.170  622.58  634.6900  617.0001   85237 2024-07-30 04:00:00      636.509     655.1684     -0.006986
2024-07-31   3030591.0  627.9933  626.570  628.35  633.5999  622.5800   83403 2024-07-31 04:00:00      634.598     655.3134      0.009268
2024-08-01   3642771.0  629.8984  629.250  624.85  646.7099  617.6100  111556 2024-08-01 04:00:00      632.779     654.9940     -0.005570
2024-08-02   3403935.0  614.2403  620.980  613.64  625.2700  608.3500  113006 2024-08-02 04:00:00      630.809     654.2546     -0.017940
2024-08-05   4020157.0  597.3674  587.040  598.55  604.5627  587.0400  142218 2024-08-05 04:00:00      625.914     653.4162     -0.024591
2024-08-06   4168556.0  610.4411  600.620  609.57  622.4500  600.6200  116994 2024-08-06 04:00:00      622.595     652.8942      0.018411
2024-08-07   3121006.0  620.5524  616.065  611.48  632.0000  610.6400  101680 2024-08-07 04:00:00      620.144     652.1888      0.003133
2024-08-08   3215978.0  626.9173  621.990  630.35  632.2900  616.0200   90304 2024-08-08 04:00:00      619.770     651.8158      0.030860
2024-08-09   1950860.0  631.9036  622.990  633.94  636.6200  622.9900   73099 2024-08-09 04:00:00      620.027     651.4022      0.005695
2024-08-12   2325030.0  632.8175  631.000  633.14  639.0000  627.0700   70778 2024-08-12 04:00:00      620.645     651.1118     -0.001262
2024-08-13   2624230.0  645.7987  638.560  648.02  650.9700  635.5000   90199 2024-08-13 04:00:00      623.189     651.2398      0.023502
2024-08-14   3969696.0  659.6997  648.700  661.68  663.5700  648.7000  101278 2024-08-14 04:00:00      626.522     651.7976      0.021080
2024-08-15   3128836.0  664.6749  668.490  663.22  673.1900  659.8000   94846 2024-08-15 04:00:00      630.359     652.4296      0.002327
2024-08-16   3289091.0  674.1364  669.430  674.07  680.2300  665.3600  100383 2024-08-16 04:00:00      636.402     652.9056      0.016360
2024-08-19   2960151.0  683.8289  674.070  688.53  688.8400  672.9100   92436 2024-08-19 04:00:00      645.400     653.7058      0.021452
2024-08-20   4776601.0  699.8428  688.860  698.54  711.3300  688.2450  134773 2024-08-20 04:00:00      654.297     654.8472      0.014538
2024-08-21   2205661.0  697.0796  697.000  697.12  701.0000  691.3800   76496 2024-08-21 04:00:00      662.861     655.8996     -0.002033
2024-08-22   2663249.0  692.1350  691.000  688.96  701.5000  686.2400   92905 2024-08-22 04:00:00      668.722     656.7078     -0.011705
2024-08-23   2328037.0  686.4206  694.130  686.73  696.0700  678.6300   80706 2024-08-23 04:00:00      674.001     657.4412     -0.003237
2024-08-26   1325315.0  687.5412  687.260  688.44  690.5900  681.6376   63743 2024-08-26 04:00:00      679.531     658.1448      0.002490
2024-08-27   3037996.0  698.9236  688.530  695.72  707.8900  686.9200  102919 2024-08-27 04:00:00      684.301     658.6716      0.010575
2024-08-28   2383346.0  683.4570  695.830  683.84  696.6700  677.1000   86404 2024-08-28 04:00:00      686.517     658.8318     -0.017076
2024-08-29   2136354.0  693.2343  690.000  692.48  699.8000  686.0700   76591 2024-08-29 04:00:00      689.443     658.9680      0.012635
2024-08-30   3178468.0  697.9112  700.360  701.35  701.8600  688.1600   82621 2024-08-30 04:00:00      692.171     659.4144      0.012809
2024-09-03   3129979.0  680.3698  700.100  675.32  703.8600  671.0100  113856 2024-09-03 04:00:00      690.850     659.1984     -0.037114
2024-09-04   1746840.0  680.2180  673.310  679.68  684.6500  673.0600   72195 2024-09-04 04:00:00      688.964     659.4116      0.006456
2024-09-05   1773260.0  681.9410  673.140  683.62  687.3100  671.8600   72599 2024-09-05 04:00:00      687.614     659.6358      0.005797
2024-09-06   2966074.0  667.0851  681.860  665.77  683.1518  662.3400   93017 2024-09-06 04:00:00      685.295     659.3974     -0.026111
2024-09-09   2648340.0  676.0187  674.000  675.42  683.5000  672.1400   76577 2024-09-09 04:00:00      684.164     659.2190      0.014494
2024-09-10   2047452.0  673.6672  676.870  673.62  680.5899  665.8050   62231 2024-09-10 04:00:00      682.682     659.1938     -0.002665
2024-09-11   2103253.0  674.9832  677.460  681.47  682.9700  660.8000   78689 2024-09-11 04:00:00      681.257     659.3510      0.011653
2024-09-12   2574363.0  686.8773  684.920  686.80  694.8800  682.2000   89155 2024-09-12 04:00:00      681.553     659.4954      0.007821
2024-09-13   2251539.0  694.2784  680.010  697.06  699.6400  680.0000   78916 2024-09-13 04:00:00      682.011     659.7864      0.014939
2024-09-16   1813388.0  694.7511  700.000  696.50  703.0200  688.6316   74023 2024-09-16 04:00:00      681.526     659.9034     -0.000803
2024-09-17   2243827.0  703.9061  700.820  706.91  707.6300  698.3700   80500 2024-09-17 04:00:00      684.685     660.3268      0.014946
2024-09-18   2962241.0  694.3403  707.550  690.47  707.5500  688.0000  107553 2024-09-18 04:00:00      685.764     660.4214     -0.023256
2024-09-19   4149835.0  706.3410  705.000  704.32  715.6600  695.3700  121359 2024-09-19 04:00:00      687.834     660.9548      0.020059
2024-09-20   3747960.0  701.7177  705.550  701.03  706.6732  696.3100   79621 2024-09-20 04:00:00      691.360     661.9204     -0.004671
2024-09-23   3125522.0  705.7772  702.390  705.37  712.2499  699.1600   84331 2024-09-23 04:00:00      694.355     663.0758      0.006191
2024-09-24   3533678.0  717.5407  706.625  722.26  722.4400  704.4500  113752 2024-09-24 04:00:00      699.219     664.3920      0.023945
2024-09-25   2235538.0  721.6177  721.000  721.56  725.1200  716.2100   78549 2024-09-25 04:00:00      703.228     665.6968     -0.000969
2024-09-26   2792927.0  710.6430  724.730  711.43  725.2600  701.7200   94131 2024-09-26 04:00:00      705.691     666.9762     -0.014039
2024-09-27   2329891.0  706.3079  708.360  707.35  710.7100  701.2509   86867 2024-09-27 04:00:00      706.720     668.2624     -0.005735
2024-09-30   1686724.0  707.5910  707.000  709.27  711.2100  702.8192   69197 2024-09-30 04:00:00      707.997     669.7810      0.002714
2024-10-01   2758257.0  706.3690  713.640  706.13  717.7600  698.5900   93152 2024-10-01 04:00:00      707.919     670.9536     -0.004427
2024-10-02   1733316.0  711.2319  706.130  711.09  716.2100  704.6878   71006 2024-10-02 04:00:00      709.981     672.3202      0.007024
2024-10-03   2162402.0  705.4951  704.260  706.80  708.8100  700.0000   67410 2024-10-03 04:00:00      710.229     673.7364     -0.006033
2024-10-04   2204834.0  716.5048  713.320  719.70  721.0100  708.8200   82016 2024-10-04 04:00:00      712.096     675.4486      0.018251
2024-10-07   3293685.0  704.0996  714.755  701.92  715.8800  696.4300  118838 2024-10-07 04:00:00      711.751     676.8596     -0.024705
2024-10-08   3123313.0  719.0477  703.880  721.76  725.0600  703.5457   95226 2024-10-08 04:00:00      711.701     678.7556      0.028265
2024-10-09   1961498.0  724.7913  719.250  727.43  728.5900  718.8700   73804 2024-10-09 04:00:00      712.288     680.8526      0.007856
2024-10-10   2721383.0  729.8337  723.290  730.29  733.8500  722.5000   85395 2024-10-10 04:00:00      714.174     682.8914      0.003932
2024-10-11   2266296.0  726.3026  734.900  722.79  736.0000  721.2200   86050 2024-10-11 04:00:00      715.718     684.8502     -0.010270
2024-10-14   2748720.0  716.2213  725.000  713.00  726.6196  711.3109  102418 2024-10-14 04:00:00      716.091     686.8374     -0.013545
2024-10-15   2781100.0  706.7858  712.510  705.98  713.4000  699.7806  103365 2024-10-15 04:00:00      716.076     688.9860     -0.009846
2024-10-16   2440531.0  702.2756  703.430  702.00  705.5900  697.8200   90514 2024-10-16 04:00:00      715.167     690.8346     -0.005638
2024-10-17   8894758.0  696.6299  704.350  687.65  704.4124  677.8800  243523 2024-10-17 04:00:00      713.252     692.3580     -0.020442
2024-10-18  15885672.0  755.6363  737.640  763.89  766.2810  736.2300  378687 2024-10-18 04:00:00      717.671     695.0288      0.110870
2024-10-21   5994509.0  766.5028  765.760  772.07  773.0000  756.6000  158138 2024-10-21 04:00:00      724.686     697.7914      0.010708
2024-10-22   2951055.0  765.2340  765.270  764.24  769.7000  761.1200   92434 2024-10-22 04:00:00      728.934     700.4134     -0.010142
2024-10-23   3721652.0  751.5335  762.830  749.29  763.7899  744.2600  109211 2024-10-23 04:00:00      731.120     702.4388     -0.019562
2024-10-24   2526262.0  752.3142  751.970  754.55  755.8200  746.2500   74611 2024-10-24 04:00:00      733.546     704.2962      0.007020
2024-10-25   2661777.0  759.6538  756.170  754.68  768.5000  753.5300   91196 2024-10-25 04:00:00      736.735     706.1254      0.000172
2024-10-28   1958145.0  751.0789  758.680  749.12  758.6800  747.8800   80932 2024-10-28 04:00:00      740.347     707.6264     -0.007367
2024-10-29   2387785.0  757.7260  751.130  759.44  763.8800  748.0100   84812 2024-10-29 04:00:00      745.693     709.0446      0.013776
2024-10-30   1656153.0  755.4289  758.080  753.74  759.7900  752.2775   74251 2024-10-30 04:00:00      750.867     710.1486     -0.007506
2024-10-31   2953128.0  756.1886  753.930  756.03  760.7899  752.2300   91403 2024-10-31 04:00:00      757.705     711.3268      0.003038
2024-11-01   2280292.0  757.8827  753.480  756.10  763.7999  747.7700   85729 2024-11-01 04:00:00      756.926     712.6696      0.000093
2024-11-04   1800278.0  756.8044  753.140  755.51  762.4800  749.6900   82231 2024-11-04 05:00:00      755.270     714.0452     -0.000780
2024-11-05   2171757.0  763.1872  757.350  763.91  767.5299  756.2700   71416 2024-11-05 05:00:00      755.237     715.5546      0.011118
2024-11-06   3594800.0  773.0574  771.500  780.21  781.4900  757.3800  121114 2024-11-06 05:00:00      758.329     717.2444      0.021338
2024-11-07   2979122.0  792.1802  781.370  796.54  798.2200  779.9400  109227 2024-11-07 05:00:00      762.528     719.4984      0.020930
2024-11-08   1875868.0  793.9368  797.360  795.04  799.0600  788.6500   82348 2024-11-08 05:00:00      766.564     721.5496     -0.001883
2024-11-11   2340794.0  803.9671  795.900  805.44  806.8230  795.5650   79805 2024-11-11 05:00:00      772.196     723.6314      0.013081
2024-11-12   2770724.0  815.0517  807.500  819.50  820.3697  803.7500  101731 2024-11-12 05:00:00      778.202     726.5150      0.017456
2024-11-13   2705820.0  830.4144  822.615  830.47  836.9899  820.5368  108172 2024-11-13 05:00:00      785.875     729.5308      0.013386
2024-11-14   2929216.0  836.7115  833.670  837.26  840.9997  830.0200   87366 2024-11-14 05:00:00      793.998     732.6036      0.008176
2024-11-15   3551169.0  822.5895  832.040  823.96  832.0400  816.4900  113319 2024-11-15 05:00:00      800.784     735.7674     -0.015885
2024-11-18   4002503.0  836.0138  815.500  847.05  848.4500  809.3301  130281 2024-11-18 05:00:00      809.938     739.2000      0.028023
2024-11-19   3754377.0  863.2532  839.750  871.32  874.4900  839.1600  122812 2024-11-19 05:00:00      820.679     743.1540      0.028652
2024-11-20   4042669.0  879.8032  879.980  883.85  890.6000  868.4000  131938 2024-11-20 05:00:00      831.043     747.2016      0.014380
2024-11-21   4354265.0  895.1391  883.930  897.48  908.0000  877.2400  132218 2024-11-21 05:00:00      841.137     751.4152      0.015421
2024-11-22   3068393.0  899.2015  896.000  897.79  906.0000  893.0000   97377 2024-11-22 05:00:00      851.412     755.4298      0.000345
2024-11-25   5785314.0  872.2262  902.050  865.59  902.0500  864.2200  166339 2024-11-25 05:00:00      857.427     758.8116     -0.035866
2024-11-26   3064873.0  876.7898  867.490  872.60  886.3600  867.2501  101734 2024-11-26 05:00:00      862.737     762.1254      0.008099
2024-11-27   2488501.0  872.3148  872.060  877.34  880.9500  858.9100   91252 2024-11-27 05:00:00      867.424     765.8628      0.005432
2024-11-29   1904536.0  887.5587  882.170  886.81  892.4100  876.6800   61338 2024-11-29 05:00:00      872.379     769.5126      0.010794
2024-12-02   2256697.0  896.9352  887.510  897.74  902.3400  884.1200   92513 2024-12-02 05:00:00      879.757     773.4468      0.012325
2024-12-03   2272569.0  898.1153  894.360  902.17  902.6900  888.0250   74918 2024-12-03 05:00:00      885.269     777.3828      0.004935
2024-12-04   2626295.0  910.8804  898.050  911.06  915.9699  898.0500   94964 2024-12-04 05:00:00      889.243     781.1588      0.009854
2024-12-05   2760138.0  920.0864  917.850  917.87  927.0000  911.1075   97127 2024-12-05 05:00:00      892.645     785.0850      0.007475
2024-12-06   2906435.0  928.2466  915.230  934.74  935.2700  912.7100   93786 2024-12-06 05:00:00      896.371     789.5512      0.018380
2024-12-09   3252550.0  914.3050  928.000  913.69  930.2999  902.5900  123111 2024-12-09 05:00:00      897.961     793.6780     -0.022520