                  v_NVDA        vw    o_NVDA    c_NVDA    h_NVDA    l_NVDA        n                 t_a  NVDA_SMA_10  NVDA_SMA_50  NVDA_Returns
t                                                                                                                                              
2023-12-11  5.097281e+08   46.5326   47.4910   46.6270   47.5310   45.8300   699983 2023-12-11 05:00:00     46.78040     45.66416     -0.018503
2023-12-12  3.723869e+08   47.1444   46.0460   47.6570   47.6660   46.0460   508848 2023-12-12 05:00:00     46.76400     45.72166      0.022090
2023-12-13  4.477919e+08   48.1782   47.6290   48.0880   48.5940   47.6080   575015 2023-12-13 05:00:00     46.75880     45.81308      0.009044
2023-12-14  3.912317e+08   48.1291   48.3900   48.3500   48.6700   47.4220   557230 2023-12-14 05:00:00     46.91680     45.89926      0.005448
2023-12-15  4.791336e+08   48.9406   48.1940   48.8900   49.4040   48.1200   562039 2023-12-15 05:00:00     47.12930     45.98330      0.011169
2023-12-18  4.110872e+08   49.8968   49.4000   50.0770   50.4330   49.1500   623083 2023-12-18 05:00:00     47.58600     46.06960      0.024279
2023-12-19  4.644445e+08   49.3148   49.4240   49.6040   49.7000   48.8950   640965 2023-12-19 05:00:00     47.88980     46.15622     -0.009445
2023-12-20  3.978944e+08   49.1798   49.6550   48.1110   49.9990   48.0980   549005 2023-12-20 05:00:00     48.15060     46.20248     -0.030098
2023-12-21  3.003474e+08   48.7442   48.8110   48.9900   49.0950   48.4190   430620 2023-12-21 05:00:00     48.39000     46.24616      0.018270
2023-12-22  2.522768e+08   48.9789   49.1950   48.8300   49.3830   48.4670   383376 2023-12-22 05:00:00     48.52240     46.28386     -0.003266
2023-12-26  2.431475e+08   49.3569   48.9680   49.2790   49.6000   48.9600   353286 2023-12-26 05:00:00     48.78760     46.36022      0.009195
2023-12-27  2.336480e+08   49.3587   49.5110   49.4170   49.6800   49.0850   336998 2023-12-27 05:00:00     48.96360     46.42666      0.002800
2023-12-28  2.465875e+08   49.6423   49.6430   49.5220   49.8840   49.4120   371343 2023-12-28 05:00:00     49.10700     46.53834      0.002125
2023-12-29  3.886933e+08   49.5195   49.8130   49.5220   49.9970   48.7510   520968 2023-12-29 05:00:00     49.22420     46.68486      0.000000
2024-01-02  4.111702e+08   48.0662   49.2440   48.1680   49.2950   47.5950   680131 2024-01-02 05:00:00     49.15200     46.80620     -0.027341
2024-01-03  3.208227e+08   47.6677   47.4850   47.5690   48.1841   47.3200   493455 2024-01-03 05:00:00     48.90120     46.92984     -0.012436
2024-01-04  3.054894e+08   48.0888   47.7670   47.9980   48.5000   47.5080   454824 2024-01-04 05:00:00     48.74060     47.03030      0.009018
2024-01-05  4.095713e+08   49.0192   48.4620   49.0970   49.5470   48.3060   556255 2024-01-05 05:00:00     48.83920     47.13898      0.022897
2024-01-08  6.425099e+08   51.3375   49.5120   52.2530   52.2750   49.4790   946945 2024-01-08 05:00:00     49.16550     47.34846      0.064281
2024-01-09  7.729593e+08   53.1155   52.4010   53.1400   54.3250   51.6900  1005777 2024-01-09 05:00:00     49.59650     47.60474      0.016975
2024-01-10  5.337498e+08   54.1639   53.6160   54.3500   54.6000   53.4890   751756 2024-01-10 05:00:00     50.10360     47.88174      0.022770
2024-01-11  5.967373e+08   54.5998   54.9990   54.8220   55.3460   53.5600   814181 2024-01-11 05:00:00     50.64410     48.15496      0.008684
2024-01-12  3.524188e+08   54.6709   54.6200   54.7100   54.9700   54.3301   487143 2024-01-12 05:00:00     51.16290     48.43356     -0.002043
2024-01-16  4.494861e+08   56.1219   55.0180   56.3820   56.8350   54.9000   686939 2024-01-16 05:00:00     51.84890     48.71470      0.030561
2024-01-17  4.743944e+08   55.6716   56.3470   56.0530   56.4707   54.7400   665715 2024-01-17 05:00:00     52.63740     48.96564     -0.005835
2024-01-18  4.916504e+08   57.0793   57.2600   57.1070   57.6000   56.1070   722052 2024-01-18 05:00:00     53.59120     49.20768      0.018804
2024-01-19  5.433042e+08   58.5409   57.9890   59.4910   59.5000   57.2250   807786 2024-01-19 05:00:00     54.74050     49.48248      0.041746
2024-01-22  4.527538e+08   59.7767   60.0490   59.6540   60.3310   59.0700   746831 2024-01-22 05:00:00     55.79620     49.75646      0.002740
2024-01-23  2.945744e+08   59.4725   59.5700   59.8730   59.9100   58.5850   506526 2024-01-23 05:00:00     56.55820     50.02244      0.003671
2024-01-24  5.602706e+08   61.7176   60.3040   61.3620   62.8490   59.9380   880162 2024-01-24 05:00:00     57.38040     50.31068      0.024869
2024-01-25  4.825518e+08   61.9052   62.3500   61.6170   62.7190   60.8500   772972 2024-01-25 05:00:00     58.10710     50.57632      0.004156
2024-01-26  3.897426e+08   61.1517   60.9600   61.0310   61.7830   60.5730   606908 2024-01-26 05:00:00     58.72800     50.82454     -0.009510
2024-01-29  3.487035e+08   61.8646   61.2320   62.4650   62.4890   60.9070   565952 2024-01-29 05:00:00     59.50350     51.08072      0.023496
2024-01-30  4.107090e+08   62.8595   62.9000   62.7740   63.4930   62.2600   660018 2024-01-30 05:00:00     60.14270     51.35844      0.004947
2024-01-31  4.537949e+08   61.5108   61.4400   61.5270   62.2690   60.7000   701640 2024-01-31 05:00:00     60.69010     51.59938     -0.019865
2024-02-01  3.691458e+08   62.4717   62.1000   63.0270   63.1910   61.6500   599646 2024-02-01 05:00:00     61.28210     51.87396      0.024380
2024-02-02  4.765276e+08   65.6028   63.9740   66.1600   66.6000   63.6900   813525 2024-02-02 05:00:00     61.94900     52.18898      0.049709
2024-02-05  6.798450e+08   68.6606   68.2250   69.3320   69.4970   67.2050  1160226 2024-02-05 05:00:00     62.91680     52.57674      0.047944
2024-02-06  6.830106e+08   67.8475   69.6300   68.2230   69.7540   66.3000  1223705 2024-02-06 05:00:00     63.75180     52.96688     -0.015995
2024-02-07  4.955746e+08   69.2666   68.3190   70.0990   70.2200   67.6000   839834 2024-02-07 05:00:00     64.62550     53.41334      0.027498
2024-02-08  4.062774e+08   70.0962   70.0740   69.6410   70.7940   69.4550   717943 2024-02-08 05:00:00     65.42790     53.84132     -0.006534
2024-02-09  4.361314e+08   71.4560   70.5330   72.1330   72.1850   70.2120   773566 2024-02-09 05:00:00     66.53810     54.32756      0.035784
2024-02-12  6.132224e+08   72.8812   72.6000   72.2480   74.6110   71.2500  1078953 2024-02-12 05:00:00     67.51640     54.80972      0.001594
2024-02-13  6.025802e+08   71.9670   70.4000   72.1280   73.4500   69.6200  1062434 2024-02-13 05:00:00     68.45180     55.31688     -0.001661
2024-02-14  5.049174e+08   73.2461   73.2020   73.9000   74.2360   71.9380   854412 2024-02-14 05:00:00     69.68910     55.85958      0.024567
2024-02-15  4.200158e+08   73.0294   73.8690   72.6580   73.9750   72.4000   806554 2024-02-15 05:00:00     70.65220     56.40254     -0.016806
2024-02-16  4.951631e+08   73.4283   74.1000   72.6130   74.4020   72.5010   898211 2024-02-16 05:00:00     71.29750     56.92348     -0.000619
2024-02-20  7.047746e+08   69.0538   71.9470   69.4520   71.9560   67.7340  1568243 2024-02-20 05:00:00     71.30950     57.40246     -0.043532
2024-02-21  6.901551e+08   68.3511   68.0060   67.4720   68.8880   66.2480  1617868 2024-02-21 05:00:00     71.23440     57.81998     -0.028509
2024-02-22  8.650317e+08   77.2824   75.0250   78.5380   78.5750   74.2200  1827499 2024-02-22 05:00:00     72.07830     58.44062      0.164009
2024-02-23  8.293126e+08   79.8956   80.7900   78.8170   82.3940   77.5700  1644220 2024-02-23 05:00:00     72.99590     59.08442      0.003552
2024-02-26  5.032192e+08   79.5585   79.7000   79.0920   80.6460   78.5050   975732 2024-02-26 05:00:00     73.69180     59.71312      0.003489
2024-02-27  3.915240e+08   78.7655   79.3810   78.7010   79.4800   77.1620   758319 2024-02-27 05:00:00     74.33710     60.32538     -0.004944
2024-02-28  3.931104e+08   77.9578   77.6200   77.6630   78.9330   77.1250   737984 2024-02-28 05:00:00     74.89060     60.91164     -0.013189
2024-02-29  5.072890e+08   79.2564   79.0940   79.1120   79.9900   78.3500   764736 2024-02-29 05:00:00     75.41180     61.51608      0.018658
2024-03-01  4.791351e+08   81.3682   80.0000   82.2790   82.3000   79.4350   975905 2024-03-01 05:00:00     76.37390     62.16012      0.040032
2024-03-04  6.156090e+08   85.7211   84.1300   85.2370   87.6950   83.7190  1323064 2024-03-04 05:00:00     77.63630     62.87278      0.035951
2024-03-05  5.193327e+08   84.9828   85.2700   85.9640   86.0970   83.4170  1036769 2024-03-05 05:00:00     79.28750     63.62984      0.008529
2024-03-06  5.804703e+08   88.4513   88.0220   88.7000   89.7240   87.0300  1116151 2024-03-06 05:00:00     81.41030     64.42404      0.031827
2024-03-07  6.080472e+08   91.6171   90.1580   92.6690   92.7670   89.6020  1256061 2024-03-07 05:00:00     82.82340     65.30082      0.044746
2024-03-08  1.142250e+09   91.0655   95.1379   87.5280   97.4000   86.5060  2561401 2024-03-08 05:00:00     83.69450     66.06580     -0.055477
2024-03-11  6.783351e+08   86.6503   86.4290   85.7740   88.7970   84.1660  1494058 2024-03-11 04:00:00     84.36270     66.79294     -0.020039
2024-03-12  6.679302e+08   89.7159   88.0490   91.9130   91.9600   86.1501  1336879 2024-03-12 04:00:00     85.68390     67.64076      0.071572
2024-03-13  6.357025e+08   89.9592   91.0550   90.8880   91.5040   88.4350  1295440 2024-03-13 04:00:00     87.00640     68.46808     -0.011152
2024-03-14  6.022816e+08   88.0826   89.5770   87.9440   90.6460   86.6000  1249651 2024-03-14 04:00:00     87.88960     69.26360     -0.032392
2024-03-15  6.352712e+08   88.2355   86.9300   87.8365   89.5460   86.2570  1031100 2024-03-15 04:00:00     88.44535     70.06895     -0.001222
2024-03-18  6.689816e+08   89.3456   90.3880   88.4550   92.4050   87.0850  1373038 2024-03-18 04:00:00     88.76715     70.87809      0.007041
2024-03-19  6.721538e+08   87.8605   86.7000   89.3980   90.5440   85.0100  1372135 2024-03-19 04:00:00     89.11055     71.68411      0.010661
2024-03-20  4.766028e+08   89.3839   89.7970   90.3720   90.4100   88.2230   952625 2024-03-20 04:00:00     89.27775     72.44649      0.010895
2024-03-21  4.796997e+08   91.6441   92.3000   91.4350   92.6480   90.4050  1005129 2024-03-21 04:00:00     89.15435     73.21239      0.011762
2024-03-22  5.864194e+08   93.5179   91.1410   94.2890   94.7780   90.8340  1161163 2024-03-22 04:00:00     89.83045     74.01117      0.031213
2024-03-25  5.520473e+08   95.4480   93.9410   95.0020   96.7660   93.5100  1113327 2024-03-25 04:00:00     90.75325     74.81477      0.007562
2024-03-26  5.116476e+08   94.4526   95.8510   92.5610   96.3750   92.5020   984593 2024-03-26 04:00:00     90.81805     75.57179     -0.025694
2024-03-27  5.860462e+08   90.3244   93.1120   90.2500   93.2400   89.1230  1189234 2024-03-27 04:00:00     90.75425     76.24915     -0.024967
2024-03-28  4.352123e+08   90.5004   90.0000   90.3560   91.3000   89.1930   771056 2024-03-28 04:00:00     90.99545     76.93521      0.001175
2024-04-01  4.519415e+08   90.5151   90.2990   90.3630   92.2250   89.2040   872234 2024-04-01 04:00:00     91.24810     77.60033      0.000077
2024-04-02  4.325450e+08   88.9606   88.4480   89.4520   90.0940   87.6200   838078 2024-04-02 04:00:00     91.34780     78.19955     -0.010082
2024-04-03  3.694020e+08   89.5463   88.4840   88.9640   90.3740   88.4000   698935 2024-04-03 04:00:00     91.30440     78.78575     -0.005455
2024-04-04  4.347154e+08   88.3507   90.4060   85.9050   90.6340   85.8800   892804 2024-04-04 04:00:00     90.85770     79.30639     -0.034385
2024-04-05  3.995845e+08   87.5842   86.8660   88.0080   88.4810   85.9260   788316 2024-04-05 04:00:00     90.51500     79.83931      0.024481
2024-04-08  2.832200e+08   87.4278   88.7000   87.1330   88.8300   86.7320   643890 2024-04-08 04:00:00     89.79940     80.34963     -0.009942
2024-04-09  5.035094e+08   84.8175   87.4420   85.3540   87.6350   83.0220  1086602 2024-04-09 04:00:00     88.83460     80.83609     -0.020417
2024-04-10  4.317915e+08   86.3739   83.9260   87.0390   87.4000   83.7090   869830 2024-04-10 04:00:00     88.28240     81.32757      0.019741
2024-04-11  4.315324e+08   89.0981   87.4200   90.6160   90.7390   86.9260   893262 2024-04-11 04:00:00     88.31900     81.88441      0.041097
2024-04-12  4.256699e+08   88.7369   89.6990   88.1860   90.1750   87.5300   844473 2024-04-12 04:00:00     88.10200     82.41759     -0.026816
2024-04-15  4.410458e+08   88.1298   89.0980   86.0010   90.6130   85.9290   924573 2024-04-15 04:00:00     87.66580     82.87707     -0.024777
2024-04-16  3.673984e+08   87.2636   86.4325   87.4150   88.1180   86.0639   718303 2024-04-16 04:00:00     87.46210     83.30217      0.016442
2024-04-17  4.929623e+08   85.6947   88.3400   84.0350   88.7750   83.9500   973506 2024-04-17 04:00:00     86.96920     83.59623     -0.038666
2024-04-18  4.463010e+08   84.7629   84.9700   84.6710   86.1900   82.4020   837552 2024-04-18 04:00:00     86.84580     83.92519      0.007568
2024-04-19  8.724887e+08   79.6451   83.1500   76.2000   84.3240   75.6060  1766313 2024-04-19 04:00:00     85.66500     84.04721     -0.100046
2024-04-22  5.959454e+08   78.6080   78.1040   79.5180   80.0730   76.4000  1227176 2024-04-22 04:00:00     84.90350     84.24475      0.043543
2024-04-23  4.358395e+08   81.9227   80.7690   82.4230   82.7690   80.2640   868297 2024-04-23 04:00:00     84.61040     84.45055      0.036533
2024-04-24  5.098552e+08   81.3307   83.9500   79.6770   84.0820   79.1830  1011324 2024-04-24 04:00:00     83.87420     84.59913     -0.033316
2024-04-25  4.230860e+08   81.7192   78.8680   82.6320   83.3230   78.2230   877459 2024-04-25 04:00:00     83.07580     84.80921      0.037087
2024-04-26  5.484669e+08   86.6310   83.8180   87.7350   88.3309   83.3870  1062122 2024-04-26 04:00:00     83.03070     85.08591      0.061756
2024-04-29  3.854027e+08   87.0497   87.5950   87.7570   87.9920   85.2660   766227 2024-04-29 04:00:00     83.20630     85.38789      0.000251
2024-04-30  3.622059e+08   87.2198   87.2400   86.4020   88.8190   86.3000   711632 2024-04-30 04:00:00     83.10500     85.66367     -0.015440
2024-05-01  5.577857e+08   83.5491   85.0770   83.0410   86.0000   81.2546  1087855 2024-05-01 04:00:00     83.00560     85.93545     -0.038900
2024-05-02  3.732778e+08   84.9810   84.4490   85.8170   86.2370   83.2000   693491 2024-05-02 04:00:00     83.12020     86.30235      0.033429
2024-05-03  3.969899e+08   88.3381   87.7890   88.7890   89.2810   87.0400   785517 2024-05-03 04:00:00     84.37910     86.50737      0.034632
2024-05-06  3.735388e+08   91.3535   89.3900   92.1400   92.2200   89.0550   834395 2024-05-06 04:00:00     85.64130     86.77383      0.037741
2024-05-07  4.346669e+08   90.5687   91.0980   90.5540   91.7810   89.0110   835364 2024-05-07 04:00:00     86.45440     87.00307     -0.017213
2024-05-08  3.235679e+08   90.3136   89.4825   90.4120   91.1940   89.4200   621172 2024-05-08 04:00:00     87.52790     87.23729     -0.001568
2024-05-09  3.768069e+08   89.1001   90.5290   88.7470   91.0720   88.2310   715023 2024-05-09 04:00:00     88.13940     87.45897     -0.018416
2024-05-10  3.339993e+08   90.0526   90.3045   89.8780   91.4010   89.2270   677326 2024-05-10 04:00:00     88.35370     87.67429      0.012744
2024-05-13  2.876313e+08   90.1256   90.4780   90.3990   90.9980   88.5290   623956 2024-05-13 04:00:00     88.61790     87.83669      0.005797
2024-05-14  2.956119e+08   90.6989   89.5990   91.3560   91.6510   88.9340   617234 2024-05-14 04:00:00     89.11330     87.95907      0.010586
2024-05-15  4.163827e+08   93.8947   92.4720   94.6300   94.8620   91.5990   908974 2024-05-15 04:00:00     90.27220     88.13239      0.035838
2024-05-16  3.226354e+08   94.9408   94.9100   94.3590   95.8190   94.1030   690204 2024-05-16 04:00:00     91.12640     88.24557     -0.002864
2024-05-17  3.554239e+08   93.1589   94.3690   92.4790   94.7400   91.8060   713864 2024-05-17 04:00:00     91.49540     88.24177     -0.019924
2024-05-20  3.154525e+08   94.6677   93.7500   94.7800   95.2000   93.4400   724663 2024-05-20 04:00:00     91.75940     88.38681      0.024881
2024-05-21  3.272236e+08   94.5670   93.5990   95.3860   95.4000   93.1800   737688 2024-05-21 04:00:00     92.24260     88.57905      0.006394
2024-05-22  5.461073e+08   95.6247   95.4590   94.9500   96.0200   93.2490  1385419 2024-05-22 04:00:00     92.69640     88.63979     -0.004571
2024-05-23  8.291144e+08  103.8420  102.0280  103.7990  106.3200  101.5200  2016704 2024-05-23 04:00:00     94.20160     88.89801      0.093196
2024-05-24  4.262462e+08  104.8831  104.4490  106.4690  106.4750  103.0000   992088 2024-05-24 04:00:00     95.86070     89.26851      0.025723
2024-05-28  6.491015e+08  112.6235  110.2440  113.9010  114.9390  109.8830  1706073 2024-05-28 04:00:00     98.21090     89.78980      0.069804
2024-05-29  5.550361e+08  113.8991  113.0500  114.8250  115.4920  110.9010  1361390 2024-05-29 04:00:00    100.55780     90.31720      0.008112
2024-05-30  4.809581e+08  113.0931  114.6500  110.5000  115.8192  109.6630  1251310 2024-05-30 04:00:00    102.14480     90.73924     -0.037666
2024-05-31  5.984612e+08  109.5792  112.5200  109.6330  112.7170  106.9400  1294636 2024-05-31 04:00:00    103.67220     91.12446     -0.007846
2024-06-03  4.350207e+08  113.6593  113.6210  115.0000  115.0000  112.0030  1187515 2024-06-03 04:00:00    105.92430     91.59576      0.048954
2024-06-04  4.006223e+08  115.2945  115.7160  116.4370  116.6000  114.0450  1055985 2024-06-04 04:00:00    108.09000     92.03872      0.012496
2024-06-05  5.218854e+08  120.3958  118.3710  122.4400  122.4495  117.4680  1410073 2024-06-05 04:00:00    110.79540     92.58748      0.051556
2024-06-06  6.572312e+08  121.1291  124.0480  120.9980  125.5870  118.3200  1912022 2024-06-06 04:00:00    113.40020     93.15622     -0.011777
2024-06-07  4.055265e+08  120.0287  119.7700  120.8880  121.6917  118.0220  1119442 2024-06-07 04:00:00    115.10910     93.76898     -0.000909
2024-06-10  3.070787e+08  121.1001  120.3700  121.7900  123.1000  117.0100  2798194 2024-06-10 04:00:00    116.64120     94.39766      0.007461
2024-06-11  2.189716e+08  120.8374  121.7700  120.9100  122.8700  118.7400  1805344 2024-06-11 04:00:00    117.34210     95.00860     -0.007226
2024-06-12  2.949584e+08  125.1701  123.0600  125.2000  126.8800  122.5700  2024434 2024-06-12 04:00:00    118.37960     95.72356      0.035481
2024-06-13  2.589293e+08  128.8023  129.3900  129.6100  129.8000  127.1600  1894944 2024-06-13 04:00:00    120.29060     96.53648      0.035224
2024-06-14  3.071213e+08  131.1980  129.9600  131.8800  132.8400  128.3200  2139247 2024-06-14 04:00:00    122.51530     97.45598      0.017514
2024-06-17  2.859087e+08  131.7165  132.9900  130.9800  133.7300  129.5800  2129495 2024-06-17 04:00:00    124.11330     98.31542     -0.006824
2024-06-18  2.919959e+08  134.2796  131.1400  135.5800  136.3300  130.6900  2094257 2024-06-18 04:00:00    126.02760     99.28436      0.035120
2024-06-20  5.081744e+08  135.0652  139.8000  130.7800  140.7600  129.5200  4053999 2024-06-20 04:00:00    126.86160    100.19288     -0.035403
2024-06-21  5.568120e+08  127.0328  127.1200  126.5700  130.6300  124.3000  3274805 2024-06-21 04:00:00    127.41880    100.98350     -0.032191
2024-06-24  4.654844e+08  120.4332  123.2400  118.1100  124.4600  118.0400  3695021 2024-06-24 04:00:00    127.14100    101.53338     -0.066840
2024-06-25  4.113925e+08  123.5418  121.2000  126.0900  126.5000  119.3200  2612338 2024-06-25 04:00:00    127.57100    102.29146      0.067564
2024-06-26  3.552525e+08  125.0539  126.1300  126.4000  128.1200  122.6000  2344625 2024-06-26 04:00:00    128.12000    103.09944      0.002459
2024-06-27  2.476384e+08  124.3026  124.1000  123.9900  126.4100  122.9200  1568545 2024-06-27 04:00:00    127.99900    103.83094     -0.019066
2024-06-28  3.097193e+08  124.8037  124.5800  123.5400  127.7100  122.7500  1766830 2024-06-28 04:00:00    127.39200    104.62104     -0.003629
2024-07-01  2.818032e+08  122.7093  123.4700  124.3000  124.8400  118.8300  1916680 2024-07-01 04:00:00    126.63400    105.41362      0.006152
2024-07-02  2.146012e+08  122.2853  121.1300  122.6700  123.4100  121.0300  1485515 2024-07-02 04:00:00    125.80300    106.34302     -0.013113
2024-07-03  2.145576e+08  125.2149  121.6600  128.2800  128.2800  121.3600  1539247 2024-07-03 04:00:00    125.07300    107.31826      0.045732
2024-07-05  2.091330e+08  127.0368  127.3800  125.8300  128.8500  125.6800  1599014 2024-07-05 04:00:00    124.57800    108.18640     -0.019099
2024-07-08  2.324003e+08  128.5903  127.4900  128.2000  130.7700  127.0400  1727862 2024-07-08 04:00:00    124.74100    109.15686      0.018835
2024-07-09  2.836486e+08  131.3782  130.3500  131.3800  133.8200  128.6500  1935772 2024-07-09 04:00:00    126.06800    110.13182      0.024805
2024-07-10  2.469366e+08  134.2160  134.0300  134.9100  135.1000  132.4200  1721312 2024-07-10 04:00:00    126.95000    111.07532      0.026869
2024-07-11  3.713568e+08  130.1432  135.7500  127.4000  136.1500  127.0500  3011774 2024-07-11 04:00:00    127.05000    111.86818     -0.055667
2024-07-12  2.508437e+08  129.8788  128.2600  129.2400  131.9200  127.2200  1739176 2024-07-12 04:00:00    127.57500    112.72494      0.014443
2024-07-15  2.046799e+08  128.8529  130.5600  128.4400  131.3900  127.1800  1684943 2024-07-15 04:00:00    128.06500    113.63292     -0.006190
2024-07-16  2.102287e+08  126.2869  128.4400  126.3600  129.0400  124.5800  1644311 2024-07-16 04:00:00    128.27100    114.44378     -0.016194
2024-07-17  3.860328e+08  119.0242  121.3500  117.9900  121.8500  116.7200  3385008 2024-07-17 04:00:00    127.80300    115.02780     -0.066239
2024-07-18  3.176278e+08  119.8247  121.8500  121.0900  122.4000  116.5600  2405934 2024-07-18 04:00:00    127.08400    115.60680      0.026273
2024-07-19  2.123588e+08  119.0271  120.3500  117.9300  121.6000  117.3700  1613249 2024-07-19 04:00:00    126.29400    116.15432     -0.026096
2024-07-22  2.519421e+08  122.4065  120.3500  123.5400  124.0700  119.8600  1720625 2024-07-22 04:00:00    125.82800    116.81688      0.047571
2024-07-23  1.725654e+08  123.2169  122.7800  122.5900  124.6900  122.1000  1308647 2024-07-23 04:00:00    124.94900    117.49374     -0.007690
2024-07-24  3.239483e+08  116.3606  119.1700  114.2500  119.9500  113.4400  2515354 2024-07-24 04:00:00    122.88300    117.98118     -0.068032
2024-07-25  4.519580e+08  112.7300  113.0400  112.2800  116.6300  106.3000  3637510 2024-07-25 04:00:00    121.37100    118.41880     -0.017243
2024-07-26  2.816674e+08  113.5436  116.1900  113.0600  116.2000  111.5800  1840539 2024-07-26 04:00:00    119.75300    118.85288      0.006947
2024-07-29  2.469362e+08  113.1639  113.6900  111.5900  116.2800  111.3000  1626090 2024-07-29 04:00:00    118.06800    119.19208     -0.013002
2024-07-30  4.833579e+08  105.7709  111.5200  103.7300  111.9900  102.5400  3512276 2024-07-30 04:00:00    115.80500    119.37950     -0.070436
2024-07-31  4.695741e+08  115.3877  112.9000  117.0200  118.3400  110.8800  2931643 2024-07-31 04:00:00    115.70800    119.87032      0.128121
2024-08-01  5.197573e+08  112.1049  117.5300  109.2100  120.1600  106.8104  3402984 2024-08-01 04:00:00    114.52000    120.15892     -0.066741
2024-08-02  4.760629e+08  105.4331  103.7600  107.2700  108.7200  101.3700  3599199 2024-08-02 04:00:00    113.45400    120.39660     -0.017764
2024-08-05  5.523271e+08   98.9793   92.0600  100.4500  103.4100   90.6900  4741155 2024-08-05 04:00:00    111.14500    120.50660     -0.063578
2024-08-06  4.081197e+08  104.9159  103.8400  104.2500  107.7100  100.5500  2769465 2024-08-06 04:00:00    109.31100    120.51562      0.037830
2024-08-07  4.072178e+08  102.9620  107.8100   98.9100  108.8000   98.6900  2815103 2024-08-07 04:00:00    107.77700    120.36444     -0.051223
2024-08-08  3.869100e+08  102.8183  102.0000  104.9700  105.5000   97.5200  2575147 2024-08-08 04:00:00    107.04600    120.18582      0.061268
2024-08-09  2.864143e+08  104.8985  105.6400  104.7500  106.6000  103.4300  1877315 2024-08-09 04:00:00    106.21500    119.98432     -0.002096
2024-08-12  3.224921e+08  109.1413  106.3200  109.0200  111.0700  106.2600  2097272 2024-08-12 04:00:00    105.95800    119.95472      0.040764
2024-08-13  3.112842e+08  114.5275  112.4400  116.1400  116.2300  111.5800  2004630 2024-08-13 04:00:00    107.19900    120.08486      0.065309
2024-08-14  3.370668e+08  116.8746  118.5300  118.0800  118.6000  114.0700  2113374 2024-08-14 04:00:00    107.30500    120.14646      0.016704
2024-08-15  3.147769e+08  121.4249  118.7600  122.8600  123.2400  117.4700  1922707 2024-08-15 04:00:00    108.67000    120.27492      0.040481
2024-08-16  2.962877e+08  123.6701  121.9400  124.5800  125.0000  121.1800  1734031 2024-08-16 04:00:00    110.40100    120.31772      0.014000
2024-08-19  3.143936e+08  127.0583  124.2800  130.0000  130.0000  123.4200  1931057 2024-08-19 04:00:00    113.35600    120.49776      0.043506
2024-08-20  2.942455e+08  127.8244  128.4000  127.2500  129.8800  125.8900  1880886 2024-08-20 04:00:00    115.65600    120.62500     -0.021154
2024-08-21  2.566925e+08  128.1179  127.3150  128.5000  129.3500  126.6600  1536434 2024-08-21 04:00:00    118.61500    120.75920      0.009823
2024-08-22  3.631935e+08  126.3831  130.0200  123.7400  130.7500  123.1000  2223646 2024-08-22 04:00:00    120.49200    120.81580     -0.037043
2024-08-23  3.201922e+08  128.1346  125.8600  129.3700  129.6000  125.2200  2023691 2024-08-23 04:00:00    122.95400    120.89920      0.045499
2024-08-26  3.232964e+08  127.2754  129.5700  126.4600  131.2600  124.3700  2151633 2024-08-26 04:00:00    124.69800    120.83620     -0.022494
2024-08-27  2.959343e+08  127.5995  125.0500  128.3000  129.2000  123.8800  1842844 2024-08-27 04:00:00    125.91400    120.76460      0.014550
2024-08-28  4.438141e+08  124.6436  128.1200  125.6100  128.3300  122.6400  3217120 2024-08-28 04:00:00    126.66700    120.65720     -0.020966
2024-08-29  4.495602e+08  120.4262  121.3550  117.5900  124.4300  116.7100  3447787 2024-08-29 04:00:00    126.14000    120.29740     -0.063848
2024-08-30  3.279776e+08  119.1297  119.5300  119.3700  121.7500  117.2200  1932775 2024-08-30 04:00:00    125.61900    120.06920      0.015137
2024-09-03  4.752461e+08  110.3423  116.0100  108.0000  116.2100  107.2900  3649427 2024-09-03 04:00:00    123.41900    119.69780     -0.095250
2024-09-04  3.718304e+08  107.3053  105.4100  106.2100  109.9900  104.1200  2584028 2024-09-04 04:00:00    121.31500    119.45980     -0.016574
2024-09-05  3.014936e+08  107.4088  104.9850  107.2100  109.6500  104.7600  2073777 2024-09-05 04:00:00    119.18600    119.08220      0.009415
2024-09-06  4.059539e+08  103.3773  108.0400  102.8300  108.1500  100.9500  2872263 2024-09-06 04:00:00    117.09500    118.61080     -0.040854
2024-09-09  2.666979e+08  105.4091  104.8800  106.4700  106.5500  103.6900  1697936 2024-09-09 04:00:00    114.80500    118.26040      0.035398
2024-09-10  2.635502e+08  107.0359  107.8100  108.1000  109.4000  104.9500  1661029 2024-09-10 04:00:00    112.96900    117.95160      0.015309
2024-09-11  4.357478e+08  112.5299  109.3900  116.9100  117.1900  107.4200  2694452 2024-09-11 04:00:00    111.83000    117.80380      0.081499
2024-09-12  3.613362e+08  118.9003  116.8400  119.1400  120.7900  115.3800  2375926 2024-09-12 04:00:00    111.18300    117.73320      0.019075
2024-09-13  2.369702e+08  119.0003  119.0800  119.1000  119.9550  117.6000  1515618 2024-09-13 04:00:00    111.33400    117.54960     -0.000336
2024-09-16  2.431952e+08  116.5416  116.7900  116.7800  118.1800  114.3600  1550443 2024-09-16 04:00:00    111.07500    117.36860     -0.019479
2024-09-17  2.293619e+08  116.5584  118.1700  115.5900  118.8000  114.8300  1475468 2024-09-17 04:00:00    111.83400    117.11640     -0.010190
2024-09-18  3.065633e+08  115.0409  115.8900  113.3700  117.7000  113.2200  1857120 2024-09-18 04:00:00    112.55000    116.75620     -0.019206
2024-09-19  2.909492e+08  118.5321  117.3500  117.8700  119.6600  117.2500  1829210 2024-09-19 04:00:00    113.61600    116.41540      0.039693
2024-09-20  3.644108e+08  116.4268  117.0600  116.0000  118.6181  115.3901  1540725 2024-09-20 04:00:00    114.93300    116.18740     -0.015865
2024-09-23  2.038143e+08  115.9959  116.5500  116.2600  116.9900  114.8600  1275899 2024-09-23 04:00:00    115.91200    115.92780      0.002241
2024-09-24  3.512005e+08  119.6015  116.5150  120.8700  121.8000  115.3800  1971910 2024-09-24 04:00:00    117.18900    115.77640      0.039653
2024-09-25  2.799581e+08  123.5728  122.0200  123.5100  124.9400  121.6100  1733107 2024-09-25 04:00:00    117.84900    115.71940      0.021842
2024-09-26  3.001450e+08  124.5617  126.8000  124.0400  127.6650  121.8000  1832978 2024-09-26 04:00:00    118.33900    115.84040      0.004291
2024-09-27  2.679313e+08  121.1469  123.9700  121.4000  124.0300  119.2600  1770303 2024-09-27 04:00:00    118.56900    115.84660     -0.021283
2024-09-30  2.226857e+08  120.3221  118.3100  121.4400  121.5000  118.1500  1416361 2024-09-30 04:00:00    119.03500    115.91680      0.000329
2024-10-01  2.975104e+08  117.8793  121.7650  117.0000  122.4351  115.7900  2009216 2024-10-01 04:00:00    119.17600    115.78600     -0.036561
2024-10-02  2.203945e+08  118.2229  116.4400  118.8500  119.3800  115.1400  1327091 2024-10-02 04:00:00    119.72400    115.71120      0.015812
2024-10-03  2.756630e+08  122.6224  120.9200  122.8500  124.3600  120.3401  1713896 2024-10-03 04:00:00    120.22200    115.88320      0.033656
2024-10-04  2.432317e+08  123.9866  124.9400  124.9200  125.0400  121.8300  1511279 2024-10-04 04:00:00    121.11400    116.13600      0.016850
2024-10-07  3.407964e+08  128.1445  124.9900  127.7200  130.6400  124.9500  2249929 2024-10-07 04:00:00    122.26000    116.42920      0.022414
2024-10-08  2.825350e+08  131.9108  130.2600  132.8900  133.4800  129.4200  1852601 2024-10-08 04:00:00    123.46200    116.85520      0.040479
2024-10-09  2.431479e+08  132.7617  134.1100  132.6500  134.5200  131.3800  1577878 2024-10-09 04:00:00    124.37600    117.43360     -0.001806
2024-10-10  2.407140e+08  133.9045  131.9100  134.8100  135.0000  131.0000  1536608 2024-10-10 04:00:00    125.45300    117.78940      0.016283
2024-10-11  1.688737e+08  134.8551  134.0100  134.8000  135.7800  133.6600  1203688 2024-10-11 04:00:00    126.79300    118.30120     -0.000074
2024-10-14  2.246025e+08  138.3656  136.4700  138.0700  139.6000  136.3000  1590531 2024-10-14 04:00:00    128.45600    118.91720      0.024258
2024-10-15  3.721209e+08  132.4398  137.8700  131.6000  138.5700  128.7400  2604537 2024-10-15 04:00:00    129.91600    119.54020     -0.046860
2024-10-16  2.623822e+08  134.4675  133.9800  135.7200  136.6200  131.5800  1616718 2024-10-16 04:00:00    131.60300    120.16960      0.031307
2024-10-17  3.007156e+08  138.9764  139.3400  136.9300  140.8900  136.8700  1992471 2024-10-17 04:00:00    133.01100    120.93000      0.008915
2024-10-18  1.729976e+08  138.1025  138.6650  138.0000  138.9000  137.2800  1081427 2024-10-18 04:00:00    134.31900    121.59060      0.007814
2024-10-21  2.610322e+08  141.4679  138.1300  143.7100  143.7100  138.0000  1781995 2024-10-21 04:00:00    135.91800    122.36980      0.041377
2024-10-22  2.248912e+08  143.3132  142.9100  143.5900  144.4200  141.7800  1502869 2024-10-22 04:00:00    136.98800    123.06120     -0.000835
2024-10-23  2.816168e+08  139.7055  142.0300  139.5600  142.4300  137.4600  1916889 2024-10-23 04:00:00    137.67900    123.52960     -0.028066
2024-10-24  1.703315e+08  139.9981  140.8200  140.4100  141.3500  138.4600  1226444 2024-10-24 04:00:00    138.23900    123.97620      0.006091
2024-10-25  1.991612e+08  142.5583  140.9300  141.5400  144.1300  140.8000  1410829 2024-10-25 04:00:00    138.91300    124.34980      0.008048
2024-10-28  1.675201e+08  141.1758  143.0000  140.5200  143.1400  140.0500  1258016 2024-10-28 04:00:00    139.15800    124.66860     -0.007206
2024-10-29  1.516209e+08  140.9896  140.2850  141.2500  142.2598  138.9000  1162989 2024-10-29 04:00:00    140.12300    124.89360      0.005195
2024-10-30  1.731084e+08  139.3017  139.5400  139.3350  140.3300  136.8100  1306138 2024-10-30 04:00:00    140.48450    125.13530     -0.013558
2024-10-31  2.637558e+08  133.7246  137.6000  132.7600  137.6100  132.1106  1998813 2024-10-31 04:00:00    140.06750    125.22050     -0.047188
2024-11-01  2.030915e+08  136.0279  134.7000  135.4000  137.3100  134.5700  1423892 2024-11-01 04:00:00    139.80750    125.45370      0.019886
2024-11-04  1.850860e+08  137.4047  137.2100  136.0500  138.9600  135.5700  1369126 2024-11-04 05:00:00    139.04150    125.58730      0.004801
2024-11-05  1.576890e+08  139.3130  137.4500  139.9100  140.3701  137.3300  1158103 2024-11-05 05:00:00    138.67350    125.85630      0.028372
2024-11-06  2.370088e+08  144.5965  142.9600  145.6100  146.4900  141.9600  1849026 2024-11-06 05:00:00    139.27850    126.20250      0.040740
2024-11-07  1.999580e+08  147.9973  146.3900  148.8800  148.9300  146.1700  1460634 2024-11-07 05:00:00    140.12550    126.66790      0.022457
2024-11-08  1.719560e+08  147.7028  148.7700  147.6300  149.7700  146.2600  1367136 2024-11-08 05:00:00    140.73450    127.26870     -0.008396
2024-11-11  1.792288e+08  145.5668  148.6800  145.2600  148.8500  143.5700  1521336 2024-11-11 05:00:00    141.20850    127.78650     -0.016054
2024-11-12  1.936578e+08  147.9791  146.7800  148.2900  149.6500  146.0100  1464040 2024-11-12 05:00:00    141.91250    128.59230      0.020859
2024-11-13  1.826783e+08  147.1498  149.0700  146.2700  149.3300  145.9000  1330793 2024-11-13 05:00:00    142.60600    129.39350     -0.013622
2024-11-14  1.881524e+08  147.3295  147.6400  146.7600  149.0000  145.5500  1304733 2024-11-14 05:00:00    144.00600    130.18450      0.003350
2024-11-15  2.480799e+08  142.3351  144.8700  141.9800  145.2400  140.0800  1862593 2024-11-15 05:00:00    144.66400    130.96750     -0.032570
2024-11-18  2.164666e+08  139.6616  139.5000  140.1500  141.5500  137.1500  1762470 2024-11-18 05:00:00    145.07400    131.64110     -0.012889
2024-11-19  2.240842e+08  144.5783  141.3200  147.0100  147.1300  140.9900  1571495 2024-11-19 05:00:00    145.78400    132.41930      0.048948
2024-11-20  3.047325e+08  144.7035  147.4100  145.8900  147.5600  142.7300  2398809 2024-11-20 05:00:00    145.81200    132.99890     -0.007619
2024-11-21  3.958648e+08  145.9564  149.3500  146.6700  152.8900  140.7000  2913552 2024-11-21 05:00:00    145.59100    133.54950      0.005346
2024-11-22  2.320683e+08  142.8986  145.9300  141.9500  147.1600  141.1000  1870108 2024-11-22 05:00:00    145.02300    134.00650     -0.032181
2024-11-25  3.149728e+08  137.3757  141.9900  136.0200  142.0500  135.8200  2405385 2024-11-25 05:00:00    144.09900    134.39130     -0.041775
2024-11-26  1.869310e+08  137.0189  137.7000  136.9200  139.3000  135.6700  1421243 2024-11-26 05:00:00    142.96200    134.81790      0.006617
2024-11-27  2.219045e+08  133.7373  135.0100  135.3400  137.2200  131.8000  1739244 2024-11-27 05:00:00    141.86900    135.25730     -0.011540
2024-11-29  1.358271e+08  138.1501  136.7800  138.2500  139.3500  136.0500   904916 2024-11-29 05:00:00    141.01800    135.66490      0.021501
2024-12-02  1.639618e+08  138.8918  138.8300  138.6300  140.4500  137.8250  1190729 2024-12-02 05:00:00    140.68300    136.11750      0.002749
2024-12-03  1.585212e+08  139.4004  138.2600  140.2600  140.5400  137.9500  1061983 2024-12-03 05:00:00    140.69400    136.59750      0.011758
2024-12-04  2.189553e+08  143.6691  141.9950  145.1400  145.7900  140.2900  1465893 2024-12-04 05:00:00    140.50700    137.08290      0.034793
2024-12-05  1.715823e+08  145.2429  145.1100  145.0600  146.5400  143.9500  1149095 2024-12-05 05:00:00    140.42400    137.51390     -0.000551
2024-12-06  1.799514e+08  143.1441  144.6000  142.4400  145.7000  141.3100  1299130 2024-12-06 05:00:00    140.00100    137.88190     -0.018061
2024-12-09  1.801944e+08  138.8311  138.9700  138.8100  139.9500  137.1300  1525627 2024-12-09 05:00:00    139.68700    138.23010     -0.025484