                  v_PFE       vw    o_PFE  c_PFE    h_PFE    l_PFE       n                 t_a  PFE_SMA_10  PFE_SMA_50  PFE_Returns
t                                                                                                                                  
2023-12-11   37713862.0  28.5563  28.7800  28.64  28.8100  28.4350  174052 2023-12-11 05:00:00      29.236     30.8462    -0.004864
2023-12-12   48549531.0  28.6158  28.6200  28.58  28.8600  28.3500  208089 2023-12-12 05:00:00      29.125     30.7390    -0.002095
2023-12-13  158100678.0  26.3161  26.2800  26.66  26.7300  25.7600  688960 2023-12-13 05:00:00      28.783     30.5942    -0.067180
2023-12-14  101830806.0  26.3722  26.7600  26.13  27.3150  26.0100  407705 2023-12-14 05:00:00      28.349     30.4506    -0.019880
2023-12-15  136175201.0  26.6125  26.1300  26.63  26.9894  26.0800  301632 2023-12-15 05:00:00      28.121     30.3138     0.019135
2023-12-18   63329379.0  26.9990  26.9200  27.06  27.3000  26.7200  253728 2023-12-18 05:00:00      27.899     30.1924     0.016147
2023-12-19   70094663.0  27.9195  27.2800  28.16  28.2400  27.2700  265737 2023-12-19 05:00:00      27.806     30.0916     0.040650
2023-12-20   56184326.0  27.8468  28.1900  27.63  28.2600  27.6100  233486 2023-12-20 05:00:00      27.690     29.9808    -0.018821
2023-12-21   51056623.0  28.1783  27.8600  28.31  28.3600  27.7800  184570 2023-12-21 05:00:00      27.658     29.8848     0.024611
2023-12-22   35162307.0  28.4352  28.4400  28.40  28.7900  28.1800  171838 2023-12-22 05:00:00      27.620     29.7944     0.003179
2023-12-26   30119121.0  28.3762  28.4250  28.41  28.5300  28.2500  143675 2023-12-26 05:00:00      27.597     29.7204     0.000352
2023-12-27   35000664.0  28.5738  28.4700  28.61  28.7299  28.3100  154173 2023-12-27 05:00:00      27.600     29.6272     0.007040
2023-12-28   30472890.0  28.8121  28.6100  28.79  29.0300  28.5819  146255 2023-12-28 05:00:00      27.813     29.5480     0.006292
2023-12-29   30363079.0  28.6920  28.7800  28.79  28.8689  28.5400  141424 2023-12-29 05:00:00      28.079     29.4956     0.000000
2024-01-02   57873706.0  29.8185  28.8800  29.73  30.2788  28.8300  273181 2024-01-02 05:00:00      28.389     29.4664     0.032650
2024-01-03   43426495.0  29.7929  30.0000  29.73  30.0359  29.4100  206678 2024-01-03 05:00:00      28.656     29.4480     0.000000
2024-01-04   45558159.0  29.2061  29.7900  29.09  29.9500  29.0300  199546 2024-01-04 05:00:00      28.749     29.4130    -0.021527
2024-01-05   33612838.0  29.2798  29.0200  29.47  29.4900  28.7500  162876 2024-01-05 05:00:00      28.933     29.3938     0.013063
2024-01-08   32972133.0  29.5119  29.3600  29.58  29.6800  29.1701  148608 2024-01-08 05:00:00      29.060     29.3708     0.003733
2024-01-09   39856903.0  29.4901  29.6000  29.40  29.8600  29.3200  177816 2024-01-09 05:00:00      29.160     29.3356    -0.006085
2024-01-10   37413289.0  29.0134  29.3600  28.99  29.3900  28.8750  176238 2024-01-10 05:00:00      29.218     29.3132    -0.013946
2024-01-11   46884712.0  28.4230  28.8300  28.40  28.9150  28.2700  201739 2024-01-11 05:00:00      29.197     29.2702    -0.020352
2024-01-12   30345486.0  28.7143  28.4600  28.70  28.9400  28.4400  142332 2024-01-12 05:00:00      29.188     29.2330     0.010563
2024-01-16   38825982.0  28.3475  28.6000  28.32  28.7200  28.2200  164686 2024-01-16 05:00:00      29.141     29.1892    -0.013240
2024-01-17   33312583.0  28.1532  28.1600  28.15  28.5300  27.9300  156071 2024-01-17 05:00:00      28.983     29.1422    -0.006003
2024-01-18   50279148.0  27.9184  28.0400  28.09  28.1300  27.6000  187851 2024-01-18 05:00:00      28.819     29.0788    -0.002131
2024-01-19   35549293.0  28.2173  28.0300  28.28  28.3800  27.9300  137982 2024-01-19 05:00:00      28.738     29.0208     0.006764
2024-01-22   41663945.0  28.2758  28.3200  28.31  28.6200  27.9300  169215 2024-01-22 05:00:00      28.622     28.9620     0.001061
2024-01-23   33466651.0  28.3447  28.4400  28.43  28.6500  28.1500  138965 2024-01-23 05:00:00      28.507     28.9142     0.004239
2024-01-24   42720738.0  28.4790  28.5400  28.33  28.7750  28.3300  155653 2024-01-24 05:00:00      28.400     28.8872    -0.003517
2024-01-25   47605546.0  27.5612  27.8200  27.47  27.9200  27.4450  210022 2024-01-25 05:00:00      28.248     28.8470    -0.030357
2024-01-26   47073758.0  27.5272  27.6300  27.47  27.9100  27.3600  180437 2024-01-26 05:00:00      28.155     28.8168     0.000000
2024-01-29   66992715.0  27.5015  27.5200  27.48  27.6300  27.3100  210876 2024-01-29 05:00:00      28.033     28.7812     0.000364
2024-01-30   86072429.0  27.2490  27.8900  27.02  28.3700  26.9500  332190 2024-01-30 05:00:00      27.903     28.7178    -0.016739
2024-01-31   81192099.0  27.1758  27.1700  27.08  27.5103  26.7800  248844 2024-01-31 05:00:00      27.796     28.6640     0.002221
2024-02-01   53882960.0  27.0559  27.1000  27.29  27.3250  26.7300  198841 2024-02-01 05:00:00      27.716     28.6114     0.007755
2024-02-02   51718525.0  26.8687  27.1800  26.93  27.2000  26.6900  198225 2024-02-02 05:00:00      27.581     28.5504    -0.013192
2024-02-05   42633401.0  26.6577  26.9400  26.57  26.9400  26.5200  176103 2024-02-05 05:00:00      27.407     28.4758    -0.013368
2024-02-06   56994489.0  27.2675  26.6600  27.50  27.7250  26.5700  218159 2024-02-06 05:00:00      27.314     28.4194     0.035002
2024-02-07   36843007.0  27.4718  27.5500  27.56  27.6500  27.2950  153667 2024-02-07 05:00:00      27.237     28.3606     0.002182
2024-02-08   28776353.0  27.5312  27.5600  27.57  27.6900  27.4100  137431 2024-02-08 05:00:00      27.247     28.3092     0.000363
2024-02-09   29062706.0  27.5223  27.5600  27.56  27.5900  27.3800  135499 2024-02-09 05:00:00      27.256     28.2666    -0.000363
2024-02-12   30323717.0  27.6740  27.5400  27.66  28.0200  27.5200  147576 2024-02-12 05:00:00      27.274     28.2182     0.003628
2024-02-13   37927457.0  27.1030  27.5400  26.97  27.8300  26.8600  191221 2024-02-13 05:00:00      27.269     28.1482    -0.024946
2024-02-14   25270224.0  27.0467  27.0100  27.11  27.1700  26.9100  116603 2024-02-14 05:00:00      27.272     28.1122     0.005191
2024-02-15   36072622.0  27.5072  27.2500  27.51  27.8050  27.2200  151812 2024-02-15 05:00:00      27.294     28.0768     0.014755
2024-02-16   35935327.0  27.6347  27.5500  27.62  27.8900  27.2100  147699 2024-02-16 05:00:00      27.363     28.0474     0.003999
2024-02-20   34232007.0  27.7422  27.6100  27.59  28.1400  27.5200  166288 2024-02-20 05:00:00      27.465     28.0234    -0.001086
2024-02-21   27370649.0  27.5560  27.6000  27.67  27.6750  27.3550  119144 2024-02-21 05:00:00      27.482     28.0042     0.002900
2024-02-22   31957507.0  27.4502  27.5900  27.55  27.6950  27.1850  154116 2024-02-22 05:00:00      27.481     27.9796    -0.004337
2024-02-23   33182554.0  27.8692  27.7500  27.76  28.0860  27.6900  142085 2024-02-23 05:00:00      27.500     27.9620     0.007623
2024-02-26   45685477.0  27.2597  27.6700  27.18  27.6700  27.0700  181551 2024-02-26 05:00:00      27.462     27.9340    -0.020893
2024-02-27   38598363.0  26.9535  27.1200  26.89  27.2000  26.8100  185103 2024-02-27 05:00:00      27.385     27.9386    -0.010670
2024-02-28   31010175.0  27.0674  26.9600  27.04  27.2350  26.8200  142070 2024-02-28 05:00:00      27.392     27.9568     0.005578
2024-02-29   54643160.0  26.7409  27.0700  26.56  27.1900  26.5500  195185 2024-02-29 05:00:00      27.337     27.9554    -0.017751
2024-03-01   46392099.0  26.6163  26.8250  26.59  26.9000  26.5100  185150 2024-03-01 05:00:00      27.245     27.9460     0.001130
2024-03-04   86777724.0  25.8654  26.3000  25.89  26.4600  25.6100  414134 2024-03-04 05:00:00      27.072     27.9006    -0.026326
2024-03-05   73646090.0  26.0851  25.8700  26.08  26.4200  25.6900  283328 2024-03-05 05:00:00      26.921     27.8696     0.007339
2024-03-06   84919456.0  27.0912  26.9000  27.19  27.3000  26.7850  327410 2024-03-06 05:00:00      26.873     27.8472     0.042561
2024-03-07   46423824.0  26.9388  27.2000  26.79  27.3200  26.7600  178522 2024-03-07 05:00:00      26.797     27.8150    -0.014711
2024-03-08   45906630.0  27.1380  26.8800  27.22  27.3000  26.8500  186931 2024-03-08 05:00:00      26.743     27.7912     0.016051
2024-03-11   52600145.0  27.9863  27.3100  28.37  28.3900  27.3100  224469 2024-03-11 04:00:00      26.862     27.7864     0.042248
2024-03-12   48758226.0  27.9729  28.3100  28.01  28.3400  27.7600  214691 2024-03-12 04:00:00      26.974     27.7708    -0.012689
2024-03-13   39272983.0  28.3859  28.2900  28.22  28.6900  28.1900  177353 2024-03-13 04:00:00      27.092     27.7594     0.007497
2024-03-14   36427957.0  28.0388  28.2500  28.13  28.2800  27.7700  176527 2024-03-14 04:00:00      27.249     27.7274    -0.003189
2024-03-15   75727854.0  27.9539  27.9600  27.94  28.2800  27.8600  134876 2024-03-15 04:00:00      27.384     27.6916    -0.006754
2024-03-18   36385106.0  27.7531  28.0100  27.72  28.0250  27.6100  157407 2024-03-18 04:00:00      27.567     27.6642    -0.007874
2024-03-19   29026578.0  27.6124  27.6700  27.63  27.7800  27.3200  124296 2024-03-19 04:00:00      27.722     27.6274    -0.003247
2024-03-20   34463459.0  27.6128  27.4800  27.70  27.7366  27.2100  136911 2024-03-20 04:00:00      27.773     27.5898     0.002533
2024-03-21   29633710.0  27.7651  27.7500  27.66  28.0350  27.6300  132682 2024-03-21 04:00:00      27.860     27.5550    -0.001444
2024-03-22   28830115.0  27.4547  27.4700  27.36  27.8400  27.3400  126664 2024-03-22 04:00:00      27.874     27.5224    -0.010846
2024-03-25   31080245.0  27.3461  27.2400  27.43  27.4800  27.1000  137562 2024-03-25 04:00:00      27.780     27.5030     0.002558
2024-03-26   38220263.0  27.5352  27.4500  27.59  27.6300  27.3100  138720 2024-03-26 04:00:00      27.738     27.4808     0.005833
2024-03-27   34247616.0  27.7726  27.7100  27.78  27.9350  27.5400  150742 2024-03-27 04:00:00      27.694     27.4700     0.006887
2024-03-28   40466657.0  27.8770  27.8200  27.75  28.1200  27.7200  140256 2024-03-28 04:00:00      27.656     27.4620    -0.001080
2024-04-01   26596621.0  27.7004  27.7600  27.72  27.8700  27.5750  139619 2024-04-01 04:00:00      27.634     27.4546    -0.001081
2024-04-02   32451485.0  27.5796  27.5700  27.55  27.7500  27.4100  135392 2024-04-02 04:00:00      27.617     27.4400    -0.006133
2024-04-03   36828630.0  27.3346  27.5100  27.22  27.7500  27.2000  157123 2024-04-03 04:00:00      27.576     27.4182    -0.011978
2024-04-04   41922711.0  26.9272  27.3100  26.65  27.4000  26.6400  170038 2024-04-04 04:00:00      27.471     27.3826    -0.020940
2024-04-05   39880542.0  26.5376  26.5600  26.66  26.7000  26.3500  161304 2024-04-05 04:00:00      27.371     27.3492     0.000375
2024-04-08   24404952.0  26.6635  26.6000  26.58  26.8200  26.5200  118948 2024-04-08 04:00:00      27.293     27.3314    -0.003001
2024-04-09   45193644.0  26.9048  26.7700  26.78  27.4200  26.6500  184897 2024-04-09 04:00:00      27.228     27.3176     0.007524
2024-04-10   44211594.0  26.2999  26.5200  26.32  26.5900  26.1600  175202 2024-04-10 04:00:00      27.101     27.2944    -0.017177
2024-04-11   32640285.0  26.2881  26.3500  26.34  26.4499  26.1300  130136 2024-04-11 04:00:00      26.957     27.2808     0.000760
2024-04-12   43034056.0  25.9754  26.2500  25.86  26.3200  25.8300  167994 2024-04-12 04:00:00      26.768     27.2564    -0.018223
2024-04-15   33836354.0  25.9559  25.9100  25.91  26.1700  25.7500  156208 2024-04-15 04:00:00      26.587     27.2288     0.001933
2024-04-16   28472850.0  25.7950  25.8200  25.69  25.9850  25.6800  131924 2024-04-16 04:00:00      26.401     27.2040    -0.008491
2024-04-17   43588230.0  25.4484  25.6900  25.42  25.6900  25.2600  194128 2024-04-17 04:00:00      26.221     27.1810    -0.010510
2024-04-18   35460907.0  25.3438  25.3500  25.39  25.4600  25.2300  138802 2024-04-18 04:00:00      26.095     27.1388    -0.001180
2024-04-19   37964333.0  25.7831  25.3900  26.00  26.0000  25.3500  148140 2024-04-19 04:00:00      26.029     27.1076     0.024025
2024-04-22   34753159.0  26.2920  26.0000  26.26  26.5000  25.9250  144554 2024-04-22 04:00:00      25.997     27.0814     0.010000
2024-04-23   23691927.0  26.3172  26.3300  26.32  26.4700  26.1900  108461 2024-04-23 04:00:00      25.951     27.0566     0.002285
2024-04-24   24001703.0  26.2260  26.2500  26.27  26.3400  26.0400  109372 2024-04-24 04:00:00      25.946     27.0288    -0.001900
2024-04-25   47402450.0  25.5004  26.2700  25.26  26.4300  25.2500  210017 2024-04-25 04:00:00      25.838     26.9946    -0.038447
2024-04-26   42967575.0  25.4292  25.3300  25.40  25.5400  25.2000  160925 2024-04-26 04:00:00      25.792     26.9604     0.005542
2024-04-29   37771472.0  25.6635  25.5800  25.64  25.8500  25.5400  135536 2024-04-29 04:00:00      25.765     26.9230     0.009449
2024-04-30   37511343.0  25.6641  25.6500  25.62  25.8300  25.5850  162804 2024-04-30 04:00:00      25.758     26.8830    -0.000780
2024-05-01   90886371.0  26.8492  26.3295  27.18  27.4500  26.0200  331172 2024-05-01 04:00:00      25.934     26.8748     0.060890
2024-05-02   62520945.0  27.6553  27.2100  27.70  27.9400  27.1200  251081 2024-05-02 04:00:00      26.165     26.8754     0.019132
2024-05-03   53460568.0  27.7250  27.8600  27.81  27.9050  27.5200  144407 2024-05-03 04:00:00      26.346     26.8806     0.003971
2024-05-06   50955572.0  28.1586  27.9800  28.16  28.3250  27.9600  184043 2024-05-06 04:00:00      26.536     26.8886     0.012585
2024-05-07   64375534.0  27.9472  28.2900  27.77  28.4900  27.4000  227225 2024-05-07 04:00:00      26.681     26.9004    -0.013849
2024-05-08   38934208.0  28.1473  27.7000  28.27  28.3400  27.5200  169502 2024-05-08 04:00:00      26.881     26.9280     0.018005
2024-05-09   44989567.0  27.9621  27.7600  28.18  28.2500  27.3200  158021 2024-05-09 04:00:00      27.173     26.9508    -0.003184
2024-05-10   25692387.0  28.0289  28.2400  28.01  28.2800  27.9200  126132 2024-05-10 04:00:00      27.434     26.9798    -0.006033
2024-05-13   34449448.0  28.4266  28.1900  28.44  28.6500  28.1700  148707 2024-05-13 04:00:00      27.714     27.0168     0.015352
2024-05-14   22367710.0  28.3533  28.5500  28.38  28.6800  28.1900  111548 2024-05-14 04:00:00      27.990     27.0666    -0.002110
2024-05-15   36629130.0  28.7880  28.4900  28.82  28.9850  28.4800  146976 2024-05-15 04:00:00      28.154     27.1214     0.015504
2024-05-16   37977476.0  28.8722  28.8700  28.92  29.0300  28.6700  131357 2024-05-16 04:00:00      28.276     27.1560     0.003470
2024-05-17   25820775.0  28.6356  28.8950  28.64  28.9100  28.5100  112162 2024-05-17 04:00:00      28.359     27.1930    -0.009682
2024-05-20   22294246.0  28.6042  28.6600  28.53  28.7100  28.4600  100072 2024-05-20 04:00:00      28.396     27.2192    -0.003841
2024-05-21   27618443.0  28.4924  28.4700  28.56  28.6700  28.3200   96554 2024-05-21 04:00:00      28.475     27.2230     0.001052
2024-05-22   46768095.0  29.2958  28.4700  29.60  29.6300  28.4150  194743 2024-05-22 04:00:00      28.608     27.2548     0.036415
2024-05-23   41586859.0  28.8592  29.4300  28.69  29.4300  28.6700  209535 2024-05-23 04:00:00      28.659     27.2642    -0.030743
2024-05-24   22418094.0  28.7754  28.6650  28.88  28.9900  28.5500  113793 2024-05-24 04:00:00      28.746     27.2792     0.006623
2024-05-28   32169589.0  28.3012  28.8000  28.30  28.8800  28.1300  174679 2024-05-28 04:00:00      28.732     27.2864    -0.020083
2024-05-29   23333134.0  27.8577  28.1600  27.82  28.1700  27.6900  129665 2024-05-29 04:00:00      28.676     27.2884    -0.016961
2024-05-30   22835898.0  28.0285  27.9100  28.20  28.2000  27.7850  111774 2024-05-30 04:00:00      28.614     27.2998     0.013659
2024-05-31   73876818.0  28.5873  28.3400  28.66  28.7500  28.2350  151994 2024-05-31 04:00:00      28.588     27.3190     0.016312
2024-06-03   36399893.0  29.2184  28.6600  29.31  29.5300  28.6400  158388 2024-06-03 04:00:00      28.655     27.3520     0.022680
2024-06-04   43129031.0  29.4893  29.3000  29.49  29.7300  29.1700  172008 2024-06-04 04:00:00      28.751     27.3946     0.006141
2024-06-05   26756683.0  29.4447  29.5600  29.55  29.6200  29.1700  122466 2024-06-05 04:00:00      28.850     27.4370     0.002035
2024-06-06   34945582.0  29.0182  29.3600  28.80  29.5400  28.7900  129594 2024-06-06 04:00:00      28.770     27.4612    -0.025381
2024-06-07   26323521.0  28.7214  28.7500  28.58  29.0500  28.5500   97991 2024-06-07 04:00:00      28.759     27.4772    -0.007639
2024-06-10   34193891.0  28.0383  28.3500  28.07  28.3500  27.6300  162938 2024-06-10 04:00:00      28.678     27.4836    -0.017845
2024-06-11   28126889.0  28.0790  27.9500  28.03  28.3300  27.8900  141079 2024-06-11 04:00:00      28.651     27.4898    -0.001425
2024-06-12   30396942.0  27.7236  28.1700  27.66  28.2299  27.5600  160560 2024-06-12 04:00:00      28.635     27.4920    -0.013200
2024-06-13   31184849.0  27.5461  27.5000  27.65  27.7200  27.2000  138709 2024-06-13 04:00:00      28.580     27.5006    -0.000362
2024-06-14   27847761.0  27.5858  27.7450  27.53  28.2200  27.4300  134184 2024-06-14 04:00:00      28.467     27.5182    -0.004340
2024-06-17   31857132.0  27.0423  27.4500  26.98  27.4758  26.8700  161245 2024-06-17 04:00:00      28.234     27.5246    -0.019978
2024-06-18   29508934.0  27.3036  26.9800  27.41  27.4600  26.9500  138064 2024-06-18 04:00:00      28.026     27.5412     0.015938
2024-06-20   29505222.0  27.7216  27.2000  27.74  27.9600  27.1500  153098 2024-06-20 04:00:00      27.845     27.5604     0.012039
2024-06-21   51050047.0  27.7198  27.7700  27.74  27.8900  27.5600  107726 2024-06-21 04:00:00      27.739     27.5888     0.000000
2024-06-24   32342922.0  28.1454  27.9500  28.36  28.4050  27.7300  145806 2024-06-24 04:00:00      27.717     27.6292     0.022350
2024-06-25   23925590.0  28.0947  28.4000  27.99  28.4500  27.9300  106400 2024-06-25 04:00:00      27.709     27.6718    -0.013047
2024-06-26   30104787.0  27.4888  27.9100  27.42  27.9300  27.0700  151249 2024-06-26 04:00:00      27.648     27.7020    -0.020364
2024-06-27   28102023.0  27.5510  27.3700  27.80  27.8300  27.0700  141561 2024-06-27 04:00:00      27.662     27.7442     0.013858
2024-06-28   32060509.0  27.9770  27.7800  27.98  28.1200  27.6400  126837 2024-06-28 04:00:00      27.695     27.7954     0.006475
2024-07-01   25662308.0  28.2954  27.9500  28.22  28.6300  27.9400  135358 2024-07-01 04:00:00      27.764     27.8520     0.008578
2024-07-02   21746669.0  27.8737  28.2200  27.83  28.2800  27.6900  113335 2024-07-02 04:00:00      27.849     27.8886    -0.013820
2024-07-03   15015861.0  27.7795  27.9200  27.70  28.0500  27.6150   85876 2024-07-03 04:00:00      27.878     27.9174    -0.004671
2024-07-05   16969668.0  27.9603  27.7600  28.05  28.0900  27.6700  100814 2024-07-05 04:00:00      27.909     27.9520     0.012635
2024-07-08   17973500.0  27.9208  28.0500  27.93  28.1200  27.7900  101708 2024-07-08 04:00:00      27.928     27.9852    -0.004278
2024-07-09   33505490.0  27.6097  27.8800  27.72  27.9400  27.2950  156518 2024-07-09 04:00:00      27.864     28.0344    -0.007519
2024-07-10   29495790.0  28.2171  27.8300  28.35  28.4100  27.8000  120100 2024-07-10 04:00:00      27.900     28.0934     0.022727
2024-07-11   45139266.0  28.7468  28.7800  28.66  29.2300  28.4200  201854 2024-07-11 04:00:00      28.024     28.1538     0.010935
2024-07-12   25821884.0  28.9820  28.9000  28.92  29.1400  28.7900  134658 2024-07-12 04:00:00      28.136     28.2198     0.009072
2024-07-15   28603430.0  29.0530  29.0300  29.10  29.2700  28.8300  127841 2024-07-15 04:00:00      28.248     28.2582     0.006224
2024-07-16   26588411.0  29.4111  29.2000  29.50  29.5600  29.1200  132670 2024-07-16 04:00:00      28.376     28.2942     0.013746
2024-07-17   44851948.0  29.8964  29.4200  30.03  30.3000  29.3100  208386 2024-07-17 04:00:00      28.596     28.3386     0.017966
2024-07-18   45907888.0  30.1647  29.9100  29.71  30.6900  29.6303  202350 2024-07-18 04:00:00      28.797     28.3696    -0.010656
2024-07-19   29666600.0  29.8450  29.9400  29.97  30.0000  29.5501  133081 2024-07-19 04:00:00      28.989     28.4136     0.008751
2024-07-22   41617706.0  29.6999  30.1100  29.60  30.2300  29.3800  139971 2024-07-22 04:00:00      29.156     28.4402    -0.012346
2024-07-23   21345583.0  29.4842  29.6200  29.50  29.6400  29.3300  113268 2024-07-23 04:00:00      29.334     28.4666    -0.003378
2024-07-24   26956242.0  29.7377  29.5100  29.98  29.9900  29.3100  134375 2024-07-24 04:00:00      29.497     28.5060     0.016271
2024-07-25   37871967.0  30.4025  29.9700  30.18  30.9300  29.9700  184168 2024-07-25 04:00:00      29.649     28.5408     0.006671
2024-07-26   34684609.0  30.6216  30.1500  30.77  30.8800  30.0100  177742 2024-07-26 04:00:00      29.834     28.5886     0.019549
2024-07-29   41504790.0  30.7321  30.6900  30.72  30.9300  30.4400  213237 2024-07-29 04:00:00      29.996     28.6266    -0.001625
2024-07-30   83329143.0  30.9248  31.0100  31.39  31.5400  29.7800  345148 2024-07-30 04:00:00      30.185     28.6760     0.021810
2024-07-31   40099786.0  30.7524  31.2000  30.54  31.2600  30.4700  182770 2024-07-31 04:00:00      30.236     28.7140    -0.027079
2024-08-01   39018254.0  30.5143  30.7200  30.65  30.8100  29.9100  190922 2024-08-01 04:00:00      30.330     28.7564     0.003602
2024-08-02   41049454.0  30.4314  30.8800  30.43  31.3200  30.0100  210013 2024-08-02 04:00:00      30.376     28.7938    -0.007178
2024-08-05   37293907.0  29.6804  29.0900  29.74  30.0100  28.8530  207572 2024-08-05 04:00:00      30.390     28.7966    -0.022675
2024-08-06   28685966.0  29.5519  29.7300  29.32  30.0500  29.2450  146614 2024-08-06 04:00:00      30.372     28.8092    -0.014122
2024-08-07   32142150.0  29.1119  29.6300  28.85  29.8100  28.7400  171865 2024-08-07 04:00:00      30.259     28.8086    -0.016030
2024-08-08   30830750.0  28.7439  28.9300  28.76  29.0050  28.5350  161715 2024-08-08 04:00:00      30.117     28.8178    -0.003120
2024-08-09   25562348.0  28.5648  28.6500  28.55  28.7500  28.4500  132760 2024-08-09 04:00:00      29.895     28.8324    -0.007302
2024-08-12   20928803.0  28.4768  28.5800  28.45  28.6100  28.3200  127009 2024-08-12 04:00:00      29.668     28.8374    -0.003503
2024-08-13   32288662.0  28.8046  28.5500  28.85  28.9500  28.3100  148327 2024-08-13 04:00:00      29.414     28.8412     0.014060
2024-08-14   23230281.0  28.8952  28.8000  28.88  29.1800  28.6650  113112 2024-08-14 04:00:00      29.248     28.8326     0.001040
2024-08-15   27406056.0  28.6925  28.9300  28.71  29.0100  28.5200  148838 2024-08-15 04:00:00      29.054     28.8170    -0.005886
2024-08-16   49430167.0  28.1885  28.6500  28.30  28.6500  27.8500  215725 2024-08-16 04:00:00      28.841     28.7920    -0.014281
2024-08-19   26049291.0  28.7437  28.3500  28.80  28.8900  28.2800  132348 2024-08-19 04:00:00      28.747     28.7920     0.017668
2024-08-20   21079016.0  28.9899  28.8000  28.90  29.1900  28.8000  113775 2024-08-20 04:00:00      28.705     28.7984     0.003472
2024-08-21   16437604.0  29.0281  28.9800  29.03  29.1700  28.9300   98234 2024-08-21 04:00:00      28.723     28.8176     0.004498
2024-08-22   19603527.0  28.7448  29.0200  28.78  29.1300  28.5400  117597 2024-08-22 04:00:00      28.725     28.8326    -0.008612
2024-08-23   19816626.0  28.8340  28.8200  28.90  28.9400  28.6400  116907 2024-08-23 04:00:00      28.760     28.8574     0.004170
2024-08-26   16233370.0  28.9136  28.9200  28.92  29.0500  28.7700  105364 2024-08-26 04:00:00      28.807     28.8828     0.000692
2024-08-27   16034014.0  28.7373  28.9800  28.82  29.0400  28.5600   97150 2024-08-27 04:00:00      28.804     28.9086    -0.003458
2024-08-28   19403227.0  28.8222  28.7800  28.75  29.0800  28.6350  106618 2024-08-28 04:00:00      28.791     28.9440    -0.002429
2024-08-29   18436274.0  28.7195  28.8700  28.72  28.8900  28.5300  102558 2024-08-29 04:00:00      28.792     28.9702    -0.001043
2024-08-30   34177793.0  28.9235  28.7200  29.01  29.0500  28.6700  112915 2024-08-30 04:00:00      28.863     28.9956     0.010097
2024-09-03   43845363.0  28.4757  28.6500  28.30  28.9200  28.1400  217902 2024-09-03 04:00:00      28.813     29.0068    -0.024474
2024-09-04   23097140.0  28.3567  28.2900  28.39  28.5400  28.2000  123078 2024-09-04 04:00:00      28.762     29.0074     0.003180
2024-09-05   25433788.0  28.5297  28.4300  28.51  28.8000  28.3500  134186 2024-09-05 04:00:00      28.710     29.0178     0.004227
2024-09-06   30607711.0  28.5067  28.5600  28.56  28.7700  28.2800  154557 2024-09-06 04:00:00      28.688     29.0406     0.001754
2024-09-09   36105908.0  29.2897  28.5400  29.41  29.5900  28.4530  185598 2024-09-09 04:00:00      28.739     29.0728     0.029762
2024-09-10   28974608.0  29.6592  29.4200  29.74  29.7550  29.1900  136004 2024-09-10 04:00:00      28.821     29.1080     0.011221
2024-09-11   30682442.0  29.5231  29.6800  29.66  29.7000  29.1400  142732 2024-09-11 04:00:00      28.905     29.1368    -0.002690
2024-09-12   28620849.0  29.1702  29.5800  29.16  29.7080  28.7600  144530 2024-09-12 04:00:00      28.946     29.1634    -0.016858
2024-09-13   19726643.0  29.1553  29.1600  29.27  29.3200  28.9900  112936 2024-09-13 04:00:00      29.001     29.1948     0.003772
2024-09-16   28498359.0  29.8995  29.5700  30.07  30.1400  29.4400  148923 2024-09-16 04:00:00      29.107     29.2352     0.027332
2024-09-17   26683038.0  29.8192  30.0450  29.83  30.1400  29.6000  122340 2024-09-17 04:00:00      29.260     29.2732    -0.007981
2024-09-18   25184287.0  29.8677  30.0000  29.75  30.1400  29.7301  127047 2024-09-18 04:00:00      29.396     29.3138    -0.002682
2024-09-19   21730593.0  29.7389  29.8900  29.66  30.3500  29.5200  119052 2024-09-19 04:00:00      29.511     29.3400    -0.003025
2024-09-20   51641313.0  29.3897  29.5400  29.42  29.5500  29.2300  121558 2024-09-20 04:00:00      29.597     29.3552    -0.008092
2024-09-23   20453227.0  29.2939  29.4300  29.31  29.4700  29.1800  102415 2024-09-23 04:00:00      29.587     29.3630    -0.003739
2024-09-24   21019105.0  29.4316  29.2450  29.50  29.5900  29.1500  103837 2024-09-24 04:00:00      29.563     29.3710     0.006482
2024-09-25   29824454.0  29.1492  29.6000  28.93  29.7100  28.9100  139685 2024-09-25 04:00:00      29.490     29.3596    -0.019322
2024-09-26   31814922.0  28.8059  28.4800  28.97  29.0099  28.3100  167878 2024-09-26 04:00:00      29.471     29.3384     0.001383
2024-09-27   24281026.0  29.0971  29.0200  29.09  29.2300  28.9200  122408 2024-09-27 04:00:00      29.453     29.3260     0.004142
2024-09-30   27003925.0  28.9371  29.1100  28.94  29.1900  28.7800  123484 2024-09-30 04:00:00      29.340     29.3054    -0.005156
2024-10-01   29915390.0  28.7057  29.0500  28.67  29.0800  28.5300  136170 2024-10-01 04:00:00      29.224     29.2868    -0.009330
2024-10-02   24265793.0  28.6084  28.6000  28.61  28.7700  28.3800  126483 2024-10-02 04:00:00      29.110     29.2690    -0.002093
2024-10-03   25225790.0  28.3727  28.5000  28.34  28.5200  28.2600  128960 2024-10-03 04:00:00      28.978     29.2362    -0.009437
2024-10-04   28421894.0  28.4930  28.2900  28.58  28.5900  28.2400  145993 2024-10-04 04:00:00      28.894     29.2042     0.008469
2024-10-07   51027854.0  29.3875  29.3700  29.20  29.8400  29.1100  226259 2024-10-07 04:00:00      28.883     29.1728     0.021693
2024-10-08   28901245.0  29.2264  29.2100  29.18  29.4900  29.0000  106864 2024-10-08 04:00:00      28.851     29.1420    -0.000685
2024-10-09   43934342.0  30.0453  29.2200  30.19  30.4300  29.1000  200340 2024-10-09 04:00:00      28.977     29.1180     0.034613
2024-10-10   34043448.0  29.4918  29.8900  29.34  30.0800  29.2800  167932 2024-10-10 04:00:00      29.014     29.0940    -0.028155
2024-10-11   29254020.0  29.0986  29.3600  29.16  29.4400  28.9500  130115 2024-10-11 04:00:00      29.021     29.0642    -0.006135
2024-10-14   22991687.0  29.0309  29.1600  29.08  29.1700  28.8500  112557 2024-10-14 04:00:00      29.035     29.0372    -0.002743
2024-10-15   25737619.0  29.4462  29.0900  29.44  29.7400  29.0700  134252 2024-10-15 04:00:00      29.112     29.0312     0.012380
2024-10-16   25146470.0  29.6967  29.5000  29.67  29.8200  29.4300  116178 2024-10-16 04:00:00      29.218     29.0382     0.007812
2024-10-17   20601721.0  29.3173  29.4800  29.27  29.5300  29.2200   99716 2024-10-17 04:00:00      29.311     29.0466    -0.013482
2024-10-18   22716840.0  29.2022  29.3000  29.22  29.3650  29.0800   92364 2024-10-18 04:00:00      29.375     29.0558    -0.001708
2024-10-21   22547767.0  28.9760  29.2200  28.93  29.2200  28.8800  120986 2024-10-21 04:00:00      29.348     29.0634    -0.009925
2024-10-22   24193965.0  28.8141  28.9000  28.84  28.9850  28.6000  119081 2024-10-22 04:00:00      29.314     29.0712    -0.003111
2024-10-23   21096269.0  28.8576  28.8700  28.86  29.1100  28.6700  111146 2024-10-23 04:00:00      29.181     29.0714     0.000693
2024-10-24   30219027.0  28.6650  28.8600  28.64  28.9800  28.5000  115051 2024-10-24 04:00:00      29.111     29.0666    -0.007623
2024-10-25   24705740.0  28.5380  28.6800  28.45  28.7300  28.4400  113106 2024-10-25 04:00:00      29.040     29.0614    -0.006634
2024-10-28   34442137.0  28.8413  28.6000  28.86  28.9400  28.5600  140248 2024-10-28 04:00:00      29.018     29.0726     0.014411
2024-10-29   83678285.0  28.5438  29.0100  28.46  29.1700  28.0250  300696 2024-10-29 04:00:00      28.920     29.0658    -0.013860
2024-10-30   44287618.0  28.3946  28.3100  28.52  28.6000  28.1900  165130 2024-10-30 04:00:00      28.805     29.0582     0.002108
2024-10-31   35408836.0  28.4177  28.4500  28.30  28.6400  28.2900  135087 2024-10-31 04:00:00      28.708     29.0436    -0.007714
2024-11-01   41690969.0  28.2228  28.4800  28.09  28.5400  28.0500  148753 2024-11-01 04:00:00      28.595     29.0298    -0.007420
2024-11-04   39195089.0  27.8541  28.1000  27.76  28.1400  27.7300  165578 2024-11-04 05:00:00      28.478     29.0070    -0.011748
2024-11-05   39771005.0  27.8641  27.7400  27.99  28.0000  27.5800  117258 2024-11-05 05:00:00      28.393     28.9884     0.008285
2024-11-06   65066830.0  27.4057  27.9300  27.36  27.9900  27.0800  257739 2024-11-06 05:00:00      28.243     28.9592    -0.022508
2024-11-07   47922004.0  27.4477  27.5300  27.46  27.5900  27.3400  165529 2024-11-07 05:00:00      28.125     28.9334     0.003655
2024-11-08   54818222.0  26.8704  27.1100  26.72  27.1500  26.7100  207880 2024-11-08 05:00:00      27.952     28.8934    -0.026948
2024-11-11   53875849.0  26.4264  26.7200  26.24  26.8300  26.2200  205510 2024-11-11 05:00:00      27.690     28.8380    -0.017964
2024-11-12   52079102.0  26.1748  26.2300  26.19  26.4400  25.9500  174691 2024-11-12 05:00:00      27.463     28.7958    -0.001905
2024-11-13   46754409.0  26.6760  26.2300  26.72  26.7500  25.9750  141089 2024-11-13 05:00:00      27.283     28.7624     0.020237
2024-11-14   44358951.0  26.3094  26.7400  26.02  26.8500  25.8400  158658 2024-11-14 05:00:00      27.055     28.7126    -0.026198
2024-11-15  125152865.0  24.8918  25.7000  24.80  25.7000  24.4800  460059 2024-11-15 05:00:00      26.726     28.6374    -0.046887
2024-11-18   54809514.0  24.9127  24.9700  24.86  25.2500  24.7000  202398 2024-11-18 05:00:00      26.436     28.5464     0.002419
2024-11-19   50225284.0  24.9483  24.7000  25.10  25.1100  24.6100  158711 2024-11-19 05:00:00      26.147     28.4536     0.009654
2024-11-20   45174671.0  24.8784  25.0700  24.94  25.1000  24.6500  152807 2024-11-20 05:00:00      25.905     28.3592    -0.006375
2024-11-21   42975701.0  25.0032  24.8700  25.13  25.2150  24.7750  143848 2024-11-21 05:00:00      25.672     28.2786     0.007618
2024-11-22   40936461.0  25.5817  25.1800  25.65  25.7500  25.0990  133105 2024-11-22 05:00:00      25.565     28.2062     0.020692
2024-11-25   52933899.0  26.0993  25.7500  26.17  26.4500  25.7400  168594 2024-11-25 05:00:00      25.558     28.1282     0.020273
2024-11-26   32305927.0  25.7619  26.1600  25.77  26.2400  25.6100  123305 2024-11-26 05:00:00      25.516     28.0470    -0.015285
2024-11-27   28075187.0  25.8098  25.7600  25.83  25.9500  25.7000   99785 2024-11-27 05:00:00      25.427     27.9686     0.002328
2024-11-29   20891188.0  26.1230  25.8300  26.21  26.2300  25.7700   84552 2024-11-29 05:00:00      25.446     27.8996     0.014712
2024-12-02   42819393.0  25.8653  26.0700  25.82  26.2200  25.7300  138307 2024-12-02 05:00:00      25.548     27.8276    -0.014880
2024-12-03   45305287.0  25.6513  25.8300  25.56  25.9000  25.5200  122659 2024-12-03 05:00:00      25.618     27.7526    -0.010070
2024-12-04   41518514.0  25.2627  25.4500  25.23  25.5000  25.1800  144393 2024-12-04 05:00:00      25.631     27.6672    -0.012911
2024-12-05   41738337.0  25.5314  25.2300  25.70  25.7900  25.1400  146675 2024-12-05 05:00:00      25.707     27.6026     0.018629
2024-12-06   31207361.0  25.7732  25.7400  25.73  26.1000  25.5900  127055 2024-12-06 05:00:00      25.767     27.5378     0.001167
2024-12-09   34691806.0  26.1596  25.7600  26.10  26.4400  25.5800  138334 2024-12-09 05:00:00      25.812     27.4780     0.014380