                 v_TSLA        vw    o_TSLA  c_TSLA    h_TSLA    l_TSLA        n                 t_a  TSLA_SMA_10  TSLA_SMA_50  TSLA_Returns
t                                                                                                                                           
2023-12-11   97911388.0  240.1813  242.7400  239.74  243.4410  237.4500  1127501 2023-12-11 05:00:00      240.966     234.1668     -0.016814
2023-12-12   95326563.0  235.8497  238.5500  237.01  238.9900  233.8700  1060241 2023-12-12 05:00:00      239.995     233.8750     -0.011387
2023-12-13  146266957.0  233.8525  234.1900  239.29  240.3000  228.2000  1443516 2023-12-13 05:00:00      239.510     233.7302      0.009620
2023-12-14  160645939.0  248.7480  241.2200  251.05  253.8800  240.7900  1655399 2023-12-14 05:00:00      240.607     233.5280      0.049145
2023-12-15  135857762.0  252.0408  251.2100  253.50  254.1300  248.3000  1185363 2023-12-15 05:00:00      242.074     233.3970      0.009759
2023-12-18  116388940.0  254.9377  253.7800  252.08  258.7400  251.3600  1224002 2023-12-18 05:00:00      243.724     233.2280     -0.005602
2023-12-19  106690869.0  256.1921  253.4800  257.22  258.3399  253.0100  1030199 2023-12-19 05:00:00      245.574     233.1790      0.020390
2023-12-20  125096987.0  254.4666  256.4100  247.14  259.8400  247.0000  1274341 2023-12-20 05:00:00      246.351     232.8494     -0.039188
2023-12-21  109594227.0  252.0455  251.9000  254.50  254.7999  248.5500  1049924 2023-12-21 05:00:00      247.537     232.6796      0.029781
2023-12-22   93368169.0  255.1771  256.7600  252.54  258.2200  251.3700   971207 2023-12-22 05:00:00      248.407     232.5530     -0.007701
2023-12-26   86892382.0  256.3719  254.4900  256.61  257.9700  252.9100   948750 2023-12-26 05:00:00      250.094     232.6628      0.016116
2023-12-27  106481409.0  261.7265  258.3500  261.44  263.3400  257.5200  1042993 2023-12-27 05:00:00      252.537     232.8132      0.018822
2023-12-28  113619943.0  258.4918  263.6600  253.18  265.1300  252.7100  1159565 2023-12-28 05:00:00      253.926     232.7798     -0.031594
2023-12-29  100891578.0  250.3555  255.1000  248.48  255.1900  247.4300  1062988 2023-12-29 05:00:00      253.669     232.8958     -0.018564
2024-01-02  104654163.0  248.3450  250.0800  248.42  251.2500  244.4100  1177663 2024-01-02 05:00:00      253.161     233.4620     -0.000241
2024-01-03  121082599.0  239.8167  244.9800  238.45  245.6800  236.3200  1273469 2024-01-03 05:00:00      251.798     233.9912     -0.040134
2024-01-04  102618283.0  240.2989  239.2500  237.93  242.7000  237.7300  1001611 2024-01-04 05:00:00      249.869     234.5082     -0.002181
2024-01-05   92488939.0  237.8911  236.8600  237.49  240.1196  234.9001   934668 2024-01-05 05:00:00      248.904     234.9276     -0.001849
2024-01-08   85163330.0  238.5962  236.1400  240.45  241.2500  235.3000   970810 2024-01-08 05:00:00      247.499     235.4882      0.012464
2024-01-09   96701528.0  234.7009  238.1100  234.96  238.9646  232.0400  1054998 2024-01-09 05:00:00      245.741     236.0722     -0.022832
2024-01-10   91612402.0  233.4978  235.1000  233.94  235.5000  231.2900   937256 2024-01-10 05:00:00      243.474     236.6050     -0.004341
2024-01-11  105871212.0  227.6145  230.5700  227.22  230.9300  225.3700  1265643 2024-01-11 05:00:00      240.052     237.2022     -0.028725
2024-01-12  122915812.0  220.3830  220.0800  218.89  225.3400  217.1501  1419628 2024-01-12 05:00:00      236.623     237.5632     -0.036661
2024-01-16  114835186.0  219.4007  215.1000  219.91  223.4900  212.1800  1357892 2024-01-16 05:00:00      233.766     237.8482      0.004660
2024-01-17  103130830.0  213.9060  214.8600  215.55  215.6700  212.0100  1161983 2024-01-17 05:00:00      230.479     237.7890     -0.019826
2024-01-18  108560656.0  212.2767  216.8800  211.88  217.4500  208.7400  1223035 2024-01-18 05:00:00      227.822     237.6274     -0.017026
2024-01-19  102120143.0  210.3968  209.9900  212.19  213.1900  207.5600  1122838 2024-01-19 05:00:00      225.248     237.4858      0.001463
2024-01-22  117952527.0  210.6795  212.2600  208.80  217.8000  206.2700  1318218 2024-01-22 05:00:00      222.379     237.2182     -0.015976
2024-01-23  106537446.0  210.5223  211.3000  209.14  215.6500  207.7516  1091192 2024-01-23 05:00:00      219.248     236.9588      0.001628
2024-01-24  123285962.0  208.6014  211.8800  207.83  212.7300  206.7700  1478416 2024-01-24 05:00:00      216.535     236.9158     -0.006264
2024-01-25  197923887.0  185.1604  189.7000  182.63  193.0000  180.0600  2719557 2024-01-25 05:00:00      211.404     236.2754     -0.121253
2024-01-26  107387389.0  183.9810  185.5000  183.25  186.7800  182.1000  1327741 2024-01-26 05:00:00      207.007     235.4662      0.003395
2024-01-29  124961148.0  188.0719  185.6300  190.93  191.4800  183.6700  1435688 2024-01-29 05:00:00      204.211     234.5366      0.041910
2024-01-30  109965827.0  192.7975  195.3300  191.59  196.3593  190.6100  1288182 2024-01-30 05:00:00      201.379     233.5116      0.003457
2024-01-31  103221430.0  189.7380  186.9950  187.29  193.9700  185.8459  1144880 2024-01-31 05:00:00      198.553     232.5856     -0.022444
2024-02-01   91843275.0  187.2996  188.5000  188.86  189.8800  184.2800  1047610 2024-02-01 05:00:00      196.251     231.6768      0.008383
2024-02-02  110612672.0  185.0738  185.0400  187.91  188.6900  182.0000  1270925 2024-02-02 05:00:00      193.823     230.7230     -0.005030
2024-02-05  133945447.0  179.9759  184.2600  181.06  184.6800  175.0100  1633993 2024-02-05 05:00:00      191.049     229.5202     -0.036454
2024-02-06  122575954.0  183.3862  177.2100  185.10  186.4900  177.1100  1204085 2024-02-06 05:00:00      188.645     228.5380      0.022313
2024-02-07  111535217.0  187.1730  188.1800  187.58  189.7900  182.6800  1124191 2024-02-07 05:00:00      186.620     227.5806      0.013398
2024-02-08   83034043.0  189.2636  189.0000  189.56  191.6171  185.5800   925084 2024-02-08 05:00:00      187.313     226.6502      0.010555
2024-02-09   84476347.0  192.5072  190.1800  193.57  194.1200  189.4800   967370 2024-02-09 05:00:00      188.345     225.5872      0.021154
2024-02-12   95431097.0  190.5537  192.1100  188.13  194.7300  187.2800  1166263 2024-02-12 05:00:00      188.065     224.4670     -0.028104
2024-02-13   86759478.0  184.2019  183.9900  184.02  187.2600  182.1087  1089659 2024-02-13 05:00:00      187.308     223.3458     -0.021847
2024-02-14   81202987.0  186.4091  185.3000  188.71  188.8900  183.3500   924102 2024-02-14 05:00:00      187.450     222.3434      0.025486
2024-02-15  120815962.0  195.9921  189.1600  200.45  200.8800  188.8595  1314343 2024-02-15 05:00:00      188.609     221.6408      0.062212
2024-02-16  111346705.0  200.3373  202.0600  199.95  203.1700  197.4000  1249787 2024-02-16 05:00:00      189.813     220.8654     -0.002494
2024-02-20  104537762.0  192.5316  196.1300  193.76  198.6000  189.1300  1220065 2024-02-20 05:00:00      191.083     219.9532     -0.030958
2024-02-21  103844008.0  194.8469  193.3600  194.77  199.4400  191.9500  1059381 2024-02-21 05:00:00      192.050     218.9958      0.005213
2024-02-22   92739461.0  195.1994  194.0000  197.41  198.3200  191.3600  1017519 2024-02-22 05:00:00      193.033     218.0672      0.013554
2024-02-23   78841917.0  193.9786  195.3100  191.97  197.5700  191.5000   923289 2024-02-23 05:00:00      193.274     217.1118     -0.027557
2024-02-26  111628616.0  198.8533  192.2900  199.40  201.7800  192.0000  1169824 2024-02-26 05:00:00      193.857     216.3596      0.038704
2024-02-27  108606912.0  201.4718  204.0400  199.73  205.6000  198.2600  1131568 2024-02-27 05:00:00      195.017     215.5684      0.001655
2024-02-28   99806173.0  202.5349  200.4200  202.04  205.3000  198.4400  1027322 2024-02-28 05:00:00      196.819     214.5882      0.011566
2024-02-29   85905374.0  201.4557  204.1800  201.88  205.2800  198.4463   943617 2024-02-29 05:00:00      198.136     213.5558     -0.000792
2024-03-01   82243119.0  201.5840  200.5200  202.64  204.5200  198.5000   952621 2024-03-01 05:00:00      198.355     212.5670      0.003765
2024-03-04  134301269.0  190.5070  198.7300  188.14  199.7500  186.7200  1697685 2024-03-04 05:00:00      197.174     211.1854     -0.071555
2024-03-05  119597758.0  180.7223  183.0500  180.74  184.5900  177.5700  1561606 2024-03-05 05:00:00      195.872     209.8574     -0.039332
2024-03-06  107869464.0  177.3458  179.9900  176.54  181.5760  173.7000  1431860 2024-03-06 05:00:00      194.049     208.2982     -0.023238
2024-03-07  102129004.0  177.7535  174.3500  178.65  180.0400  173.7000  1139995 2024-03-07 05:00:00      192.173     206.8204      0.011952
2024-03-08   85544644.0  177.1599  181.5000  175.34  182.7300  174.7000  1126763 2024-03-08 05:00:00      190.510     205.1950     -0.018528
2024-03-11   85241528.0  178.9257  175.4450  177.77  182.8700  174.8000  1122686 2024-03-11 04:00:00      188.347     203.5216      0.013859
2024-03-12   87303524.0  176.5054  177.7700  177.54  179.4300  172.4101  1086084 2024-03-12 04:00:00      186.128     202.0088     -0.001294
2024-03-13  106518518.0  171.6156  173.0500  169.48  176.0500  169.1500  1440819 2024-03-13 04:00:00      182.872     200.4288     -0.045398
2024-03-14  126242246.0  164.1659  167.7700  162.50  171.1700  160.5100  1680187 2024-03-14 04:00:00      178.934     198.7104     -0.041185
2024-03-15   96978832.0  162.8947  163.1600  163.57  165.1845  160.7600  1107043 2024-03-15 04:00:00      175.027     197.2128      0.006585
2024-03-18  108217337.0  171.7106  170.0200  173.80  174.7200  165.9000  1321152 2024-03-18 04:00:00      173.593     195.9302      0.062542
2024-03-19   77268528.0  170.8851  172.3600  171.32  172.8200  167.4200   937647 2024-03-19 04:00:00      172.651     194.6068     -0.014269
2024-03-20   83846726.0  173.4480  173.0000  175.66  176.2500  170.8200   919879 2024-03-20 04:00:00      172.563     193.3110      0.025333
2024-03-21   73067414.0  174.3430  176.3900  172.82  178.1800  171.8000   926376 2024-03-21 04:00:00      171.980     192.0682     -0.016168
2024-03-22   75540637.0  169.2659  166.6900  170.83  171.2000  166.3000   943099 2024-03-22 04:00:00      171.529     190.8060     -0.011515
2024-03-25   74228615.0  172.0334  168.7600  172.63  175.2400  168.7300   901662 2024-03-25 04:00:00      171.015     189.7142      0.010537
2024-03-26  113131227.0  180.6959  178.5800  177.67  184.2500  177.3800  1309171 2024-03-26 04:00:00      171.028     188.8898      0.029195
2024-03-27   81804043.0  179.1592  181.4100  179.83  181.9100  176.0000   928815 2024-03-27 04:00:00      172.063     188.0882      0.012157
2024-03-28   77633508.0  176.7894  177.4500  175.79  179.5700  175.3000   900670 2024-03-28 04:00:00      173.392     187.2930     -0.022466
2024-04-01   81562127.0  173.2030  176.1700  175.22  176.7500  170.2100  1050223 2024-04-01 04:00:00      174.557     186.5598     -0.003243
2024-04-02  116639094.0  165.7981  164.7500  166.63  167.6900  163.4300  1474890 2024-04-02 04:00:00      173.840     185.6486     -0.049024
2024-04-03   82890791.0  166.8987  164.0200  168.38  168.8200  163.2800   955106 2024-04-03 04:00:00      173.546     184.8402      0.010502
2024-04-04  123127860.0  172.8346  170.0700  171.11  177.1900  168.0100  1243816 2024-04-04 04:00:00      173.091     184.0796      0.016213
2024-04-05  142987603.0  166.4330  169.0800  164.90  170.8600  160.5100  1549577 2024-04-05 04:00:00      172.299     183.2210     -0.036292
2024-04-08  104362520.0  172.4890  169.3400  172.98  174.5000  167.7900  1134902 2024-04-08 04:00:00      172.514     183.0280      0.048999
2024-04-09  103224375.0  175.9124  172.9100  176.88  179.2200  171.9200  1017414 2024-04-09 04:00:00      172.939     182.9006      0.022546
2024-04-10   84490407.0  171.9333  173.0400  171.76  174.9300  170.0100   955349 2024-04-10 04:00:00      172.348     182.5172     -0.028946
2024-04-11   94500987.0  172.4813  172.5500  174.60  175.8800  168.5100  1028913 2024-04-11 04:00:00      171.825     182.1774      0.016535
2024-04-12   64694669.0  171.8402  172.3400  171.05  173.8099  170.3644   763068 2024-04-12 04:00:00      171.351     181.8526     -0.020332
2024-04-15   99778591.0  164.4970  170.2400  161.48  170.6900  161.3800  1341782 2024-04-15 04:00:00      169.977     181.3050     -0.055949
2024-04-16   96552691.0  156.4206  156.7420  157.11  158.1900  153.7500  1273493 2024-04-16 04:00:00      169.025     180.6890     -0.027062
2024-04-17   82235384.0  155.9766  157.6400  155.45  158.3300  153.7800  1005281 2024-04-17 04:00:00      167.732     180.1768     -0.010566
2024-04-18   95813951.0  150.5042  151.2500  149.93  152.2000  148.7000  1254657 2024-04-18 04:00:00      165.614     179.4734     -0.035510
2024-04-19   86619782.0  148.6341  148.9700  147.05  150.9400  146.2200  1078846 2024-04-19 04:00:00      163.829     178.6628     -0.019209
2024-04-22  106810324.0  141.7016  140.5600  142.05  144.4400  138.8025  1403222 2024-04-22 04:00:00      160.736     177.7126     -0.034002
2024-04-23  123796579.0  147.5309  143.3300  144.68  147.2600  141.1100  1401736 2024-04-23 04:00:00      157.516     176.7348      0.018515
2024-04-24  180316986.0  161.9259  162.8400  162.13  167.9700  157.5100  1823871 2024-04-24 04:00:00      156.553     176.2148      0.120611
2024-04-25  125931072.0  165.6198  158.9600  170.18  170.8800  158.3600  1361861 2024-04-25 04:00:00      156.111     175.9380      0.049652
2024-04-26  109317128.0  169.1897  168.8500  168.29  172.1200  166.3700  1159959 2024-04-26 04:00:00      155.835     175.5296     -0.011106
2024-04-29  243275829.0  191.5608  188.4200  194.05  198.8700  184.5400  2641180 2024-04-29 04:00:00      159.092     175.4016      0.153069
2024-04-30  126656434.0  185.7831  186.9800  183.28  190.9500  182.8401  1319723 2024-04-30 04:00:00      161.709     175.0682     -0.055501
2024-05-01   92594635.0  181.6558  182.0000  179.99  185.8600  179.0100  1031337 2024-05-01 04:00:00      164.163     174.7928     -0.017951
2024-05-02   88958756.0  179.7551  182.8600  180.01  184.6000  176.0200   936105 2024-05-02 04:00:00      167.171     174.4976      0.000111
2024-05-03   75343673.0  181.2544  182.1000  181.19  184.7800  178.4200   845538 2024-05-03 04:00:00      170.585     174.1732      0.006555
2024-05-06   84272924.0  184.4941  183.8000  184.76  187.5600  182.2000   980516 2024-05-06 04:00:00      174.856     174.0290      0.019703
2024-05-07   74708154.0  179.2158  182.4000  177.81  183.2600  177.4000   942205 2024-05-07 04:00:00      178.169     173.5972     -0.037616
2024-05-08   79854520.0  173.8085  171.5900  174.72  176.0600  170.1500   904225 2024-05-08 04:00:00      179.428     173.0970     -0.017378
2024-05-09   65837398.0  173.0186  175.0100  171.97  175.6200  171.3700   770067 2024-05-09 04:00:00      179.607     172.4956     -0.015739
2024-05-10   72482318.0  169.4493  173.0500  168.47  173.0599  167.7500   918728 2024-05-10 04:00:00      179.625     171.8274     -0.020352
2024-05-13   66526102.0  172.5500  170.0000  171.89  175.4000  169.0000   879110 2024-05-13 04:00:00      177.409     171.2124      0.020300
2024-05-14   86224294.0  176.8987  174.4959  177.55  179.4900  174.0700   987356 2024-05-14 04:00:00      176.836     171.0006      0.032928
2024-05-15   79231129.0  174.8394  179.9000  173.99  180.0000  173.1100   962036 2024-05-15 04:00:00      176.236     170.8656     -0.020051
2024-05-16   59267811.0  174.2333  174.1000  174.84  175.7900  171.4300   727761 2024-05-16 04:00:00      175.719     170.8316      0.004885
2024-05-17   77339073.0  176.8916  173.5500  177.46  179.6300  172.7500   836251 2024-05-17 04:00:00      175.346     170.8078      0.014985
2024-05-20   61555732.0  174.7819  177.5600  174.95  177.7540  173.5200   811175 2024-05-20 04:00:00      174.365     170.8000     -0.014144
2024-05-21  114991067.0  182.0092  175.5100  186.60  186.8750  174.7100  1212410 2024-05-21 04:00:00      175.244     170.9766      0.066590
2024-05-22   88166494.0  180.7622  182.8500  180.11  183.8000  178.1200   914276 2024-05-22 04:00:00      175.783     171.0280     -0.034780
2024-05-23   71613271.0  176.2917  181.8000  173.74  181.9000  173.2600   897414 2024-05-23 04:00:00      175.960     171.1132     -0.035367
2024-05-24   65270287.0  178.0382  174.8350  179.24  180.0800  173.7300   783928 2024-05-24 04:00:00      177.037     171.4480      0.031656
2024-05-28   59434663.0  175.7382  176.4000  176.75  178.2500  173.1600   840421 2024-05-28 04:00:00      177.523     171.7116     -0.013892
2024-05-29   54300232.0  176.2141  174.1900  176.19  178.1500  173.9300   668398 2024-05-29 04:00:00      177.387     171.7594     -0.003168
2024-05-30   77349396.0  178.8620  178.5750  178.79  182.6700  175.3800   870144 2024-05-30 04:00:00      177.867     171.9088      0.014757
2024-05-31   66508169.0  176.9492  178.5000  178.08  180.3200  173.8200   756896 2024-05-31 04:00:00      178.191     171.9572     -0.003971
2024-06-03   68118079.0  178.3354  178.1300  176.29  182.6389  174.4900   893062 2024-06-03 04:00:00      178.074     172.0266     -0.010052
2024-06-04   59777023.0  175.6190  174.7750  174.77  177.7550  174.0000   735840 2024-06-04 04:00:00      178.056     172.1054     -0.008622
2024-06-05   56814844.0  174.4504  175.3500  175.00  176.1500  172.1300   742225 2024-06-05 04:00:00      176.896     172.1528      0.001316
2024-06-06   69438576.0  176.3293  174.6000  177.94  179.7300  172.7300   856337 2024-06-06 04:00:00      176.679     172.1582      0.016800
2024-06-07   55543307.0  177.7034  176.1300  177.48  179.3500  175.5800   582272 2024-06-07 04:00:00      177.053     172.1112     -0.002585
2024-06-10   50440823.0  175.4179  176.0600  173.79  178.5700  173.1700   785539 2024-06-10 04:00:00      176.508     172.0712     -0.020791
2024-06-11   64249574.0  169.4958  173.9200  170.66  174.7500  167.4100   938223 2024-06-11 04:00:00      175.899     171.9800     -0.018010
2024-06-12   90153542.0  176.9614  171.1200  177.29  180.5500  169.8000  1112443 2024-06-12 04:00:00      176.009     172.1932      0.038849
2024-06-13  118715335.0  185.5604  188.3900  182.47  191.0800  181.2300  1415643 2024-06-13 04:00:00      176.377     172.4750      0.029218
2024-06-14   81578715.0  179.8012  185.8000  178.01  186.0000  176.9200   992445 2024-06-14 04:00:00      176.370     172.6130     -0.024442
2024-06-17  109340095.0  185.1870  177.9200  187.44  188.8100  177.0000  1249948 2024-06-17 04:00:00      177.485     173.0638      0.052975
2024-06-18   68714255.0  184.3708  186.5600  184.86  187.2000  182.3700   839222 2024-06-18 04:00:00      178.494     173.3014     -0.013764
2024-06-20   55627273.0  182.0045  184.6800  181.57  185.2100  179.6600   781019 2024-06-20 04:00:00      179.151     173.3952     -0.017797
2024-06-21   58960360.0  182.3232  182.3000  183.01  183.9500  180.6900   653754 2024-06-21 04:00:00      179.658     173.6202      0.007931
2024-06-24   61688204.0  184.9902  184.9700  182.58  188.8000  182.5500   834957 2024-06-24 04:00:00      180.168     173.7798     -0.002350
2024-06-25   63280946.0  185.8989  184.4000  187.35  187.9700  182.0100   757400 2024-06-25 04:00:00      181.524     174.1058      0.026126
2024-06-26   95064605.0  193.9506  186.5400  196.37  197.7550  186.3600  1157320 2024-06-26 04:00:00      184.095     174.8036      0.048145
2024-06-27   72427210.0  196.2280  195.1700  197.42  198.7200  194.0500   879619 2024-06-27 04:00:00      186.108     175.6098      0.005347
2024-06-28   94332659.0  199.3343  199.5500  197.88  203.2000  195.2600  1064842 2024-06-28 04:00:00      187.649     176.4584      0.002330
2024-07-01  135280878.0  209.0893  201.0200  209.86  213.2300  200.8500  1561567 2024-07-01 04:00:00      190.834     177.6570      0.060542
2024-07-02  204556459.0  226.6067  218.8900  231.26  231.3000  218.0600  2267344 2024-07-02 04:00:00      195.216     179.3412      0.101973
2024-07-03  166343523.0  242.2569  234.5600  246.39  248.3500  234.2500  1985636 2024-07-03 04:00:00      201.369     181.4280      0.065424
2024-07-05  154131107.0  248.1602  249.8100  251.52  252.3700  242.4601  1719241 2024-07-05 04:00:00      208.364     183.5648      0.020821
2024-07-08  156752314.0  252.6168  247.7100  252.94  259.4390  244.5700  1689197 2024-07-08 04:00:00      215.357     185.3810      0.005646
2024-07-09  160504459.0  260.2016  251.0000  262.33  265.6100  250.3000  1651470 2024-07-09 04:00:00      223.332     187.2240      0.037123
2024-07-10  128147806.0  263.4152  262.8000  263.26  267.5900  257.8600  1420708 2024-07-10 04:00:00      230.923     189.1234      0.003545
2024-07-11  221146443.0  252.7983  263.3000  241.03  271.0000  239.6500  2469260 2024-07-11 04:00:00      235.389     190.0630     -0.084441
2024-07-12  155586058.0  246.7100  235.8000  248.23  251.8400  233.0912  1717853 2024-07-12 04:00:00      240.470     191.3620      0.029872
2024-07-15  146761093.0  259.2346  255.9700  252.64  265.6000  251.7300  1684840 2024-07-15 04:00:00      245.946     192.8150      0.017766
2024-07-16  125997617.0  253.0431  255.3100  256.56  258.6200  245.8001  1351289 2024-07-16 04:00:00      250.616     194.3460      0.015516
2024-07-17  115413916.0  250.7380  252.7300  248.50  258.4700  246.1820  1328799 2024-07-17 04:00:00      252.340     195.6922     -0.031416
2024-07-18  110466857.0  252.2280  251.0900  249.23  257.1400  247.2000  1262081 2024-07-18 04:00:00      252.624     196.9816      0.002938
2024-07-19   86886801.0  241.6440  247.7900  239.20  249.0100  236.8300  1169105 2024-07-19 04:00:00      251.392     198.2094     -0.040244
2024-07-22  100882590.0  249.5034  244.2100  251.51  253.2100  243.7500  1216619 2024-07-22 04:00:00      251.249     199.7452      0.051463
2024-07-23  111696967.0  246.3419  253.6000  246.38  255.7594  245.6300  1425749 2024-07-23 04:00:00      249.654     201.2334     -0.020397
2024-07-24  165332940.0  219.3301  225.4200  215.99  225.9900  214.7100  2100826 2024-07-24 04:00:00      244.927     202.1838     -0.123346
2024-07-25  100625306.0  221.9896  216.8000  220.25  226.0000  216.2310  1290143 2024-07-25 04:00:00      242.849     203.1510      0.019723
2024-07-26   94193381.0  219.1852  221.1900  219.80  222.2799  215.3300  1067525 2024-07-26 04:00:00      240.006     203.9960     -0.002043
2024-07-29  129034809.0  230.8632  224.9000  232.10  234.2700  224.7000  1303448 2024-07-29 04:00:00      237.952     205.1582      0.055960
2024-07-30   99636784.0  225.5303  232.2500  222.62  232.4100  220.0000  1153922 2024-07-30 04:00:00      234.558     206.1138     -0.040844
2024-07-31   66161613.0  231.3862  227.9000  232.07  234.6800  226.7875   892256 2024-07-31 04:00:00      232.915     207.2060      0.042449
2024-08-01   83140754.0  221.9584  227.6900  216.86  231.8670  214.3328  1133282 2024-08-01 04:00:00      229.678     208.0442     -0.065541
2024-08-02   82234216.0  209.8696  214.8800  207.67  216.1300  205.7800  1191961 2024-08-02 04:00:00      226.525     208.4656     -0.042378
2024-08-05  100246088.0  196.6329  185.2200  198.88  203.8799  182.0000  1533451 2024-08-05 04:00:00      221.262     208.8410     -0.042327
2024-08-06   73770212.0  198.8719  200.7500  200.64  202.9000  192.6700  1087405 2024-08-06 04:00:00      216.688     209.3790      0.008850
2024-08-07   70207473.0  196.6677  200.7700  191.76  203.4900  191.4800  1026881 2024-08-07 04:00:00      214.265     209.6294     -0.044258
2024-08-08   64274401.0  197.3862  195.7000  198.84  200.7000  192.0400   876814 2024-08-08 04:00:00      212.124     210.0712      0.036921
2024-08-09   58101081.0  198.3824  197.0500  200.00  200.8800  195.1100   799071 2024-08-09 04:00:00      210.144     210.5474      0.005834
2024-08-12   61959291.0  197.2084  199.0200  197.49  199.2600  194.6700   829394 2024-08-12 04:00:00      206.683     210.9214     -0.012550
2024-08-13   76083590.0  205.0749  198.4700  207.83  208.4900  197.0600   933114 2024-08-13 04:00:00      205.204     211.5164      0.052357
2024-08-14   70078561.0  201.9155  207.3900  201.38  208.4400  198.7500   894575 2024-08-14 04:00:00      202.135     212.0182     -0.031035
2024-08-15   88871167.0  212.9220  205.0200  214.14  215.8800  204.8200  1029207 2024-08-15 04:00:00      201.863     212.8056      0.063363
2024-08-16   86786311.0  216.3628  211.1500  216.12  219.8000  210.8000   932347 2024-08-16 04:00:00      202.708     213.6280      0.009246
2024-08-19   76302406.0  220.0522  217.0700  222.72  222.9800  214.0900   977881 2024-08-19 04:00:00      205.092     214.5236      0.030539
2024-08-20   73524059.0  222.8268  224.8800  221.10  228.2200  219.5600   927836 2024-08-20 04:00:00      207.138     215.3960     -0.007274
2024-08-21   70042505.0  221.9580  222.6700  223.27  224.6594  218.8600   773957 2024-08-21 04:00:00      210.289     216.3856      0.009815
2024-08-22   76545496.0  216.9295  223.8200  210.66  224.8000  210.3200  1009502 2024-08-22 04:00:00      211.471     217.1856     -0.056479
2024-08-23   81276311.0  218.4142  214.4550  220.32  221.4800  214.2100   932897 2024-08-23 04:00:00      213.503     218.0462      0.045856
2024-08-26   59028609.0  213.9247  218.7500  213.21  219.0900  211.0100   865828 2024-08-26 04:00:00      215.075     218.6610     -0.032271
2024-08-27   61905404.0  209.9275  213.2500  209.21  215.6600  206.9400   788625 2024-08-27 04:00:00      215.213     219.2850     -0.018761
2024-08-28   63769540.0  205.9483  209.7200  205.75  211.8400  202.5900   816424 2024-08-28 04:00:00      215.650     219.6512     -0.016538
2024-08-29   62122474.0  210.3366  209.8000  206.28  214.8900  205.9700   824159 2024-08-29 04:00:00      214.864     220.0796      0.002576
2024-08-30   62638658.0  210.5868  208.6300  214.11  214.5701  207.0300   797286 2024-08-30 04:00:00      214.663     220.7304      0.037958
2024-09-03   76489824.0  214.3078  215.2600  210.60  219.9043  209.6400  1096682 2024-09-03 04:00:00      213.451     221.2822     -0.016393
2024-09-04   80216353.0  218.5305  210.5900  219.41  222.2200  210.5700  1039782 2024-09-04 04:00:00      213.282     222.0188      0.041833
2024-09-05  118826457.0  229.4723  223.4900  230.17  235.0000  222.2500  1422040 2024-09-05 04:00:00      213.972     222.8752      0.049041
2024-09-06  111638920.0  218.7872  232.6000  210.73  233.6000  210.5100  1442998 2024-09-06 04:00:00      213.979     223.1624     -0.084459
2024-09-09   67122525.0  216.9211  216.2000  216.27  219.8700  213.6700   963273 2024-09-09 04:00:00      213.574     223.5394      0.026290
2024-09-10   78722701.0  222.8867  220.0700  226.17  226.4000  218.6377   996206 2024-09-10 04:00:00      214.870     224.1052      0.045776
2024-09-11   82825735.0  222.7781  224.5500  228.13  228.4700  216.8003  1000659 2024-09-11 04:00:00      216.762     224.4706      0.008666
2024-09-12   71578195.0  228.9317  224.6600  229.81  231.4500  223.8300   954611 2024-09-12 04:00:00      219.168     224.4416      0.007364
2024-09-13   59338842.0  229.6140  228.0000  230.29  232.6700  226.3200   803393 2024-09-13 04:00:00      221.569     224.1196      0.002089
2024-09-16   54052776.0  227.1323  229.3000  226.78  229.9600  223.5300   780683 2024-09-16 04:00:00      222.836     223.6248     -0.015242
2024-09-17   66241258.0  230.5579  229.4500  227.87  234.5700  226.5533   838822 2024-09-17 04:00:00      224.563     223.1234      0.004806
2024-09-18   77774346.0  230.0495  230.0900  227.20  235.6800  226.8800   965493 2024-09-18 04:00:00      225.342     222.4208     -0.002940
2024-09-19  101584843.0  240.6045  234.0000  243.92  244.2400  232.1300  1283331 2024-09-19 04:00:00      226.717     222.0340      0.073592
2024-09-20   95902667.0  239.1868  241.5200  238.25  243.9900  235.9200  1024131 2024-09-20 04:00:00      229.469     221.9784     -0.023245
2024-09-23   86231314.0  247.9595  242.6100  250.00  250.0000  241.9200  1135346 2024-09-23 04:00:00      232.842     222.0138      0.049318
2024-09-24   88103581.0  253.3471  254.0800  254.27  257.1900  249.0501  1115172 2024-09-24 04:00:00      235.652     222.0464      0.017080
2024-09-25   64864664.0  255.3471  252.5400  257.02  257.0500  252.2800   878528 2024-09-25 04:00:00      238.541     222.0556      0.010815
2024-09-26   66063159.0  255.9994  260.6000  254.22  261.7500  251.5300   848528 2024-09-26 04:00:00      240.982     222.1700     -0.010894
2024-09-27   69096904.0  258.1962  257.3750  260.46  260.6999  254.1200   933638 2024-09-27 04:00:00      243.999     222.3946      0.024546
2024-09-30   80522643.0  260.1065  259.0400  261.63  264.8600  255.7700  1081043 2024-09-30 04:00:00      247.484     222.8432      0.004492
2024-10-01   87151662.0  255.2740  262.6700  258.02  263.9800  248.5300  1158905 2024-10-01 04:00:00      250.499     222.9734     -0.013798
2024-10-02   93673015.0  247.5135  247.5500  249.02  251.1585  241.5000  1255092 2024-10-02 04:00:00      252.681     223.0262     -0.034881
2024-10-03   80518151.0  242.9643  244.4800  240.66  249.7900  237.8100  1046560 2024-10-03 04:00:00      252.355     223.5196     -0.033572
2024-10-04   85665152.0  248.1031  246.6900  250.08  250.9600  244.5800  1105836 2024-10-04 04:00:00      253.538     224.1162      0.039142
2024-10-07   65363518.0  244.4347  249.0000  240.83  249.8300  240.7000  1020563 2024-10-07 04:00:00      252.621     224.5368     -0.036988
2024-10-08   54199703.0  244.1306  243.5600  244.50  246.2100  240.5600   789844 2024-10-08 04:00:00      251.644     224.7848      0.015239
2024-10-09   66115710.0  243.4797  243.8200  241.05  247.4300  239.5100   906981 2024-10-09 04:00:00      250.047     225.1534     -0.014110
2024-10-10   82659329.0  239.0084  241.8100  238.77  242.7899  232.3400  1091342 2024-10-10 04:00:00      248.502     225.2874     -0.009459
2024-10-11  140339211.0  219.7052  220.1300  217.80  223.3400  214.3800  2106763 2024-10-11 04:00:00      244.236     225.3062     -0.087825
2024-10-14   85546051.0  218.5001  220.1300  219.16  221.9100  213.7400  1345387 2024-10-14 04:00:00      239.989     225.5360      0.006244
2024-10-15   61922241.0  220.5188  220.0100  219.57  224.2600  217.1200   918490 2024-10-15 04:00:00      236.144     225.9498      0.001871
2024-10-16   49357786.0  220.8701  221.4000  221.33  222.8199  218.9300   733459 2024-10-16 04:00:00      233.375     226.3636      0.008016
2024-10-17   48562745.0  220.1334  221.5900  220.89  222.0800  217.9000   751862 2024-10-17 04:00:00      231.398     226.9462     -0.001988
2024-10-18   48945495.0  221.0047  220.7100  220.70  222.2800  219.2300   689708 2024-10-18 04:00:00      228.460     227.3834     -0.000860
2024-10-21   47146717.0  218.3256  218.9000  218.85  220.4800  215.7260   817658 2024-10-21 04:00:00      226.262     227.7604     -0.008382
2024-10-22   42731933.0  216.8946  217.3100  217.97  218.2200  215.2600   727650 2024-10-22 04:00:00      223.609     228.1700     -0.004021
2024-10-23   80657197.0  220.8589  217.1250  213.65  218.7200  212.1100  1217437 2024-10-23 04:00:00      220.869     228.2864     -0.019819
2024-10-24  202723976.0  253.0519  244.6800  260.48  262.1199  242.6500  2592071 2024-10-24 04:00:00      223.040     229.4684      0.219190
2024-10-25  160681271.0  265.7559  256.0100  269.19  269.4900  255.3200  1911723 2024-10-25 04:00:00      228.179     230.5694      0.033438
2024-10-28  104072158.0  268.3178  270.0000  262.51  273.5360  262.2400  1409983 2024-10-28 04:00:00      232.514     231.4972     -0.024815
2024-10-29   79159226.0  259.5626  264.5100  259.52  264.9800  255.5100  1099585 2024-10-29 04:00:00      236.509     232.2332     -0.011390
2024-10-30   53526024.0  260.3507  258.0350  257.55  263.3500  255.8201   827232 2024-10-30 04:00:00      240.131     232.9622     -0.007591
2024-10-31   66015745.0  252.7187  257.9900  249.85  259.7500  249.2500   900118 2024-10-31 04:00:00      243.027     233.4938     -0.029897
2024-11-01   56067847.0  250.0232  252.0430  248.98  254.0000  246.6300   850364 2024-11-01 04:00:00      245.855     234.2602     -0.003482
2024-11-04   68149888.0  244.1988  244.5600  242.84  248.9000  238.8800   977623 2024-11-04 05:00:00      248.254     234.7106     -0.024661
2024-11-05   68425207.0  252.3770  247.3400  251.44  255.2799  246.2101   979518 2024-11-05 05:00:00      251.601     235.4752      0.035414
2024-11-06  163679097.0  285.0520  284.6700  288.53  289.5900  275.6200  2644954 2024-11-06 05:00:00      259.089     237.0616      0.147510
2024-11-07  114667321.0  295.3915  288.8900  296.91  299.7500  285.5200  1752090 2024-11-07 05:00:00      262.732     238.8848      0.029044
2024-11-08  204046950.0  316.4060  299.1400  321.22  328.7100  297.6600  2909891 2024-11-08 05:00:00      267.935     241.1836      0.081877
2024-11-11  209748330.0  346.3174  346.3000  350.00  358.6400  336.0000  3203814 2024-11-11 05:00:00      276.684     243.9014      0.089596
2024-11-12  155039630.0  335.1021  342.7400  328.49  345.8400  323.3100  2435455 2024-11-12 05:00:00      283.581     246.2592     -0.061457
2024-11-13  123989652.0  331.7417  335.8500  330.24  344.5999  322.5000  1770537 2024-11-13 05:00:00      290.850     248.4758      0.005327
2024-11-14  120073937.0  317.6053  327.6900  311.18  329.9800  310.3700  1702673 2024-11-14 05:00:00      296.983     250.0960     -0.057716
2024-11-15  114042990.0  317.9486  310.5700  320.72  324.6799  309.2200  1498938 2024-11-15 05:00:00      304.157     252.2958      0.030657
2024-11-18  123345498.0  340.5952  340.7300  338.74  348.5499  330.0100  1764339 2024-11-18 05:00:00      313.747     254.7452      0.056186
2024-11-19   88501177.0  342.5758  335.7600  346.00  347.3799  332.7500  1226200 2024-11-19 05:00:00      323.203     257.1418      0.021432
2024-11-20   64842707.0  339.8232  345.0000  342.03  346.5999  334.3000   964188 2024-11-20 05:00:00      328.553     259.4198     -0.011474
2024-11-21   57790226.0  341.8419  343.8100  339.64  347.9899  335.2800   894735 2024-11-21 05:00:00      332.826     261.6164     -0.006988
2024-11-22   88350753.0  350.0711  341.0850  352.56  361.5300  337.7000  1211289 2024-11-22 05:00:00      335.960     264.0618      0.038040
2024-11-25   91310133.0  349.3645  360.1400  338.59  361.9300  338.2000  1352110 2024-11-25 05:00:00      334.819     266.2980     -0.039624
2024-11-26   61382497.0  341.3186  341.0000  338.23  346.9600  335.6600   899982 2024-11-26 05:00:00      335.793     268.5052     -0.001063
2024-11-27   57181887.0  333.1337  341.8000  332.89  342.5500  326.5900   878126 2024-11-27 05:00:00      336.058     270.6190     -0.015788
2024-11-29   36645458.0  340.3225  336.0800  345.16  345.4500  334.6501   519402 2024-11-29 05:00:00      339.456     272.6438      0.036859
2024-12-02   76206078.0  355.6636  352.3800  357.09  360.0000  351.1501  1117477 2024-12-02 05:00:00      343.093     275.0206      0.034564
2024-12-03   57079765.0  351.0786  351.8000  351.42  355.6900  348.2000   834823 2024-12-03 05:00:00      344.361     277.0490     -0.015878
2024-12-04   49419848.0  353.2265  353.0000  357.93  358.1000  348.6000   706437 2024-12-04 05:00:00      345.554     279.1222      0.018525
2024-12-05   80671224.0  369.9063  359.8700  369.49  375.4300  359.5000  1212167 2024-12-05 05:00:00      348.300     281.3716      0.032297
2024-12-06   80930635.0  378.8655  377.4200  389.22  389.4900  370.8000  1145460 2024-12-06 05:00:00      353.258     284.0716      0.053398
2024-12-09   95373769.0  389.3813  397.6100  389.79  404.8000  378.0100  1488586 2024-12-09 05:00:00      356.981     286.6582      0.001464