                 v_WFC       vw   o_WFC  c_WFC    h_WFC    l_WFC       n                 t_a  WFC_SMA_10  WFC_SMA_50  WFC_Returns
t                                                                                                                                
2023-12-11  21116909.0  45.9291  45.900  46.00  46.2200  45.5700  118466 2023-12-11 05:00:00      44.837     41.5642    -0.002169
2023-12-12  19787054.0  46.4397  45.940  46.47  46.7600  45.8100  114229 2023-12-12 05:00:00      45.147     41.7014     0.010217
2023-12-13  26549110.0  47.2887  46.495  47.76  47.7750  46.3500  142738 2023-12-13 05:00:00      45.545     41.8832     0.027760
2023-12-14  41115353.0  50.0302  48.440  50.51  50.5500  48.4400  216417 2023-12-14 05:00:00      46.137     42.1140     0.057580
2023-12-15  44099216.0  50.3175  50.100  50.31  50.7700  49.9200  183394 2023-12-15 05:00:00      46.666     42.3342    -0.003960
2023-12-18  20531707.0  49.9313  50.410  49.66  50.4800  49.5300  124737 2023-12-18 05:00:00      47.120     42.5336    -0.012920
2023-12-19  20410764.0  49.9337  49.670  50.09  50.3200  49.3100  114806 2023-12-19 05:00:00      47.680     42.7414     0.008659
2023-12-20  20481526.0  49.9226  49.830  49.34  50.5681  49.2900  125542 2023-12-20 05:00:00      48.164     42.9318    -0.014973
2023-12-21  11127688.0  49.3877  49.620  49.45  49.8300  49.1300   82234 2023-12-21 05:00:00      48.569     43.1270     0.002229
2023-12-22  10450410.0  49.3719  49.660  49.18  49.8600  49.0900   75836 2023-12-22 05:00:00      48.877     43.3158    -0.005460
2023-12-26   8856695.0  49.5448  49.160  49.64  49.6700  49.0300   58946 2023-12-26 05:00:00      49.241     43.4894     0.009353
2023-12-27  12536734.0  49.3084  49.410  49.33  49.5650  49.1500   84467 2023-12-27 05:00:00      49.527     43.6430    -0.006245
2023-12-28   9864834.0  49.4878  49.140  49.48  49.6500  49.0900   69443 2023-12-28 05:00:00      49.699     43.7930     0.003041
2023-12-29  11733578.0  49.3063  49.350  49.22  49.5750  49.2100   80118 2023-12-29 05:00:00      49.570     43.9468    -0.005255
2024-01-02  14915982.0  49.3679  49.050  49.33  49.7600  48.8200  118710 2024-01-02 05:00:00      49.472     44.1098     0.002235
2024-01-03  21653564.0  48.6458  49.090  48.68  49.0900  48.3200  138113 2024-01-03 05:00:00      49.374     44.2780    -0.013177
2024-01-04  15917476.0  49.4574  48.820  49.28  49.8550  48.7700  102561 2024-01-04 05:00:00      49.293     44.4740     0.012325
2024-01-05  15074813.0  50.0134  49.400  49.92  50.4700  49.2900  105387 2024-01-05 05:00:00      49.351     44.6868     0.012987
2024-01-08  15119720.0  49.5721  49.380  49.92  49.9850  49.1450   99314 2024-01-08 05:00:00      49.398     44.9046     0.000000
2024-01-09  13625243.0  49.2363  49.440  49.29  49.4600  49.0500   94493 2024-01-09 05:00:00      49.409     45.0974    -0.012620
2024-01-10  11840834.0  48.9249  49.000  49.08  49.1150  48.6050   94383 2024-01-10 05:00:00      49.353     45.3038    -0.004260
2024-01-11  21049150.0  48.8278  48.890  49.04  49.0800  48.3400  147549 2024-01-11 05:00:00      49.324     45.4960    -0.000815
2024-01-12  30454104.0  47.6490  47.950  47.40  48.7800  47.0000  211010 2024-01-12 05:00:00      49.116     45.6486    -0.033442
2024-01-16  25209850.0  46.7974  46.770  46.82  47.0600  46.2200  162783 2024-01-16 05:00:00      48.876     45.7928    -0.012236
2024-01-17  17445622.0  46.6645  46.240  46.67  47.0550  46.2100  125671 2024-01-17 05:00:00      48.610     45.9160    -0.003204
2024-01-18  17886253.0  46.3813  46.550  46.44  46.6200  46.1200  113168 2024-01-18 05:00:00      48.386     46.0124    -0.004928
2024-01-19  25606893.0  47.6046  46.630  48.12  48.1800  46.3800  155186 2024-01-19 05:00:00      48.270     46.1480     0.036176
2024-01-22  19372216.0  48.5189  48.230  48.53  48.9300  48.1600  121906 2024-01-22 05:00:00      48.131     46.2978     0.008520
2024-01-23  16422119.0  48.8885  48.650  49.12  49.2150  48.4001  111697 2024-01-23 05:00:00      48.051     46.4606     0.012157
2024-01-24  17776027.0  49.7064  49.370  49.49  50.0900  49.2500  115109 2024-01-24 05:00:00      48.071     46.6424     0.007533
2024-01-25  17979557.0  49.7715  49.680  49.88  49.9350  49.5000  106485 2024-01-25 05:00:00      48.151     46.8222     0.007880
2024-01-26  19211129.0  50.2596  49.840  50.32  50.5000  49.7700  111835 2024-01-26 05:00:00      48.279     47.0132     0.008821
2024-01-29  16725249.0  50.3115  50.160  50.35  50.6700  49.9900  101830 2024-01-29 05:00:00      48.574     47.1786     0.000596
2024-01-30  14736829.0  51.0843  50.630  51.19  51.2700  50.6200   91776 2024-01-30 05:00:00      49.011     47.3456     0.016683
2024-01-31  20394382.0  50.6565  51.010  50.18  51.4400  50.1550  119635 2024-01-31 05:00:00      49.362     47.4986    -0.019730
2024-02-01  27300904.0  48.6029  49.820  48.73  49.9650  47.8800  165609 2024-02-01 05:00:00      49.591     47.6140    -0.028896
2024-02-02  19329199.0  48.9389  48.500  49.16  49.5700  48.0600  126609 2024-02-02 05:00:00      49.695     47.7414     0.008824
2024-02-05  14202723.0  48.6894  48.610  48.70  48.9200  48.2400   88445 2024-02-05 05:00:00      49.712     47.8634    -0.009357
2024-02-06  13928474.0  48.3668  48.520  48.29  49.1200  48.0100   89753 2024-02-06 05:00:00      49.629     47.9736    -0.008419
2024-02-07  15839616.0  48.2585  48.450  48.48  48.6000  47.4500   96321 2024-02-07 05:00:00      49.528     48.0848     0.003935
2024-02-08  10839238.0  48.2954  48.180  48.35  48.5000  48.0550   75629 2024-02-08 05:00:00      49.375     48.1914    -0.002682
2024-02-09  16568980.0  47.9240  48.220  48.06  48.2700  47.4650  115439 2024-02-09 05:00:00      49.149     48.2852    -0.005998
2024-02-12  14101942.0  48.8666  48.000  48.92  49.2900  47.8814   91219 2024-02-12 05:00:00      49.006     48.3880     0.017894
2024-02-13  13660054.0  48.1528  48.400  48.24  48.7100  47.5901  109309 2024-02-13 05:00:00      48.711     48.4610    -0.013900
2024-02-14  12639358.0  48.3280  48.600  48.53  48.7200  47.9600   88881 2024-02-14 05:00:00      48.546     48.5312     0.006012
2024-02-15  46467802.0  51.2293  48.730  52.04  52.4500  48.6200  283204 2024-02-15 05:00:00      48.877     48.6696     0.072326
2024-02-16  24359733.0  51.8846  51.940  51.91  52.3200  51.3200  144993 2024-02-16 05:00:00      49.152     48.8180    -0.002498
2024-02-20  19839124.0  51.8623  51.500  51.77  52.2400  51.2700  118436 2024-02-20 05:00:00      49.459     48.9634    -0.002697
2024-02-21  18479729.0  52.2553  51.640  52.66  52.6800  51.1300  115259 2024-02-21 05:00:00      49.896     49.1086     0.017191
2024-02-22  20446922.0  53.4935  52.830  53.37  53.9100  52.7500  142526 2024-02-22 05:00:00      50.385     49.2540     0.013483
2024-02-23  20863497.0  53.8246  53.530  53.86  54.0200  53.4200  114151 2024-02-23 05:00:00      50.936     49.4112     0.009181
2024-02-26  18099866.0  54.1826  53.750  54.13  54.5600  53.6800  117909 2024-02-26 05:00:00      51.543     49.5644     0.005013
2024-02-27  19548237.0  54.7038  54.275  54.81  54.8900  54.2400  117015 2024-02-27 05:00:00      52.132     49.7054     0.012562
2024-02-28  20045243.0  54.9650  54.735  54.72  55.4200  54.5700  123554 2024-02-28 05:00:00      52.780     49.7896    -0.001642
2024-02-29  28335630.0  55.4330  55.040  55.59  55.6950  54.9400  152721 2024-02-29 05:00:00      53.486     49.8952     0.015899
2024-03-01  17760953.0  55.2895  55.400  55.06  55.7500  54.8950  119764 2024-03-01 05:00:00      53.788     50.0032    -0.009534
2024-03-04  19483451.0  56.0358  54.870  55.81  56.5590  54.7300  136584 2024-03-04 05:00:00      54.178     50.1176     0.013622
2024-03-05  21786061.0  56.6185  55.710  56.60  57.1000  55.4300  134932 2024-03-05 05:00:00      54.661     50.2628     0.014155
2024-03-06  25356947.0  57.0641  56.820  57.11  57.3900  56.2700  164155 2024-03-06 05:00:00      55.106     50.4160     0.009011
2024-03-07  18032285.0  57.1785  57.050  57.00  57.6800  56.8700  113734 2024-03-07 05:00:00      55.469     50.5724    -0.001926
2024-03-08  17872502.0  57.2496  57.210  57.07  57.5400  56.8800  136831 2024-03-08 05:00:00      55.790     50.7210     0.001228
2024-03-11  16622044.0  57.0437  56.775  57.09  57.3450  56.5200  120348 2024-03-11 04:00:00      56.086     50.8762     0.000350
2024-03-12  23622972.0  57.7796  57.250  57.61  58.1100  57.1000  144568 2024-03-12 04:00:00      56.366     51.0388     0.009108
2024-03-13  17444934.0  57.9929  57.620  57.82  58.4400  57.6200  126115 2024-03-13 04:00:00      56.676     51.2108     0.003645
2024-03-14  24851140.0  57.4801  57.870  57.37  58.1250  57.1200  164914 2024-03-14 04:00:00      56.854     51.3716    -0.007783
2024-03-15  40782798.0  57.5991  56.860  57.51  58.3000  56.8600  146689 2024-03-15 04:00:00      57.099     51.5482     0.002440
2024-03-18  16376144.0  57.5881  57.600  57.77  57.8300  57.1100  100285 2024-03-18 04:00:00      57.295     51.7180     0.004521
2024-03-19  14504755.0  57.2964  57.645  57.01  57.9400  56.9200  106732 2024-03-19 04:00:00      57.336     51.8598    -0.013156
2024-03-20  22841550.0  56.9847  56.620  57.30  57.5100  56.2800  155250 2024-03-20 04:00:00      57.355     52.0074     0.005087
2024-03-21  17851100.0  57.8291  57.590  57.85  58.1150  57.4500  118577 2024-03-21 04:00:00      57.440     52.1786     0.009599
2024-03-22  13736607.0  57.3380  57.810  57.13  58.0150  57.1200   86302 2024-03-22 04:00:00      57.446     52.3396    -0.012446
2024-03-25  15028154.0  56.7748  57.075  56.73  57.3300  56.3700   90332 2024-03-25 04:00:00      57.410     52.4934    -0.007002
2024-03-26  11445879.0  56.7819  57.140  56.68  57.1500  56.5900   77580 2024-03-26 04:00:00      57.317     52.6790    -0.000881
2024-03-27  13762768.0  57.1752  56.380  57.61  57.6400  56.3800   98505 2024-03-27 04:00:00      57.296     52.8948     0.016408
2024-03-28  14618982.0  57.9399  57.660  57.96  58.0750  57.5600   94982 2024-03-28 04:00:00      57.355     53.1206     0.006075
2024-04-01  11039467.0  57.5950  57.880  57.61  57.8800  57.2600   89971 2024-04-01 04:00:00      57.365     53.3440    -0.006039
2024-04-02  14632878.0  57.4785  57.360  57.35  58.0000  57.1900  108255 2024-04-02 04:00:00      57.323     53.5286    -0.004513
2024-04-03  13226477.0  57.2882  57.200  57.13  57.9600  56.8500  110122 2024-04-03 04:00:00      57.335     53.7006    -0.003836
2024-04-04  12361915.0  57.2436  57.730  56.68  58.0000  56.5400  106603 2024-04-04 04:00:00      57.273     53.8518    -0.007877
2024-04-05  11000468.0  57.2396  56.630  57.40  57.6200  56.5700   94010 2024-04-05 04:00:00      57.228     54.0100     0.012703
2024-04-08  15308824.0  57.7487  57.375  57.79  57.9800  57.3100  107406 2024-04-08 04:00:00      57.294     54.1682     0.006794
2024-04-09  10645952.0  57.3991  57.700  57.58  57.9900  56.8700   92119 2024-04-09 04:00:00      57.379     54.3134    -0.003634
2024-04-10  16475238.0  56.8967  56.790  56.94  57.2950  56.4200  138225 2024-04-10 04:00:00      57.405     54.4452    -0.011115
2024-04-11  18995594.0  56.5806  56.980  56.69  57.0000  55.6250  146258 2024-04-11 04:00:00      57.313     54.5552    -0.004391
2024-04-12  27876733.0  56.4546  55.970  56.47  57.0000  55.3400  194514 2024-04-12 04:00:00      57.164     54.6810    -0.003881
2024-04-15  18602940.0  57.2452  57.610  56.97  57.9800  56.7350  145503 2024-04-15 04:00:00      57.100     54.8458     0.008854
2024-04-16  24826551.0  56.2219  56.900  56.41  56.9600  55.6600  167639 2024-04-16 04:00:00      57.006     54.9908    -0.009830
2024-04-17  18472156.0  57.1050  56.880  57.18  57.6300  56.6500  134084 2024-04-17 04:00:00      57.011     55.1604     0.013650
2024-04-18  24217179.0  58.6335  57.625  58.74  59.1300  57.2200  179102 2024-04-18 04:00:00      57.217     55.3694     0.027282
2024-04-19  33127026.0  60.2398  59.000  60.35  60.8500  58.8550  216903 2024-04-19 04:00:00      57.512     55.6068     0.027409
2024-04-22  21378722.0  60.9767  60.400  61.10  61.4850  60.3400  154934 2024-04-22 04:00:00      57.843     55.8618     0.012428
2024-04-23  21264575.0  61.1830  61.170  60.94  61.7600  60.8100  148590 2024-04-23 04:00:00      58.179     56.1194    -0.002619
2024-04-24  19020634.0  60.6033  60.600  60.60  60.9500  60.0500  147328 2024-04-24 04:00:00      58.545     56.3530    -0.005579
2024-04-25  22223029.0  60.0925  60.610  59.93  60.9600  59.6000  151014 2024-04-25 04:00:00      58.869     56.5868    -0.011056
2024-04-26  17313100.0  59.9893  59.780  59.91  60.4300  59.3750  124067 2024-04-26 04:00:00      59.213     56.8144    -0.000334
2024-04-29  15099215.0  59.9558  59.860  59.80  60.3000  59.3600  116494 2024-04-29 04:00:00      59.496     56.9696    -0.001836
2024-04-30  17314158.0  59.5489  59.600  59.32  59.9900  59.3000  116340 2024-04-30 04:00:00      59.787     57.1178    -0.008027
2024-05-01  15923765.0  59.6622  59.580  59.52  60.1450  59.3250  130874 2024-05-01 04:00:00      60.021     57.2728     0.003372
2024-05-02  14351241.0  59.6857  60.120  59.83  60.1500  59.3200  114293 2024-05-02 04:00:00      60.130     57.4162     0.005208
2024-05-03  17158782.0  59.8958  60.030  59.94  60.2580  59.1200  122136 2024-05-03 04:00:00      60.089     57.5476     0.001839
2024-05-06  15981553.0  60.2223  60.470  60.19  60.8780  59.8350  124790 2024-05-06 04:00:00      59.998     57.6742     0.004171
2024-05-07  15582996.0  60.2998  60.280  60.26  60.6100  60.0600  112478 2024-05-07 04:00:00      59.930     57.7968     0.001163
2024-05-08  18443645.0  60.8808  60.150  61.23  61.4300  60.0950  130152 2024-05-08 04:00:00      59.993     57.9252     0.016097
2024-05-09  14074066.0  61.1713  60.740  61.28  61.3700  60.4800  111386 2024-05-09 04:00:00      60.128     58.0564     0.000817
2024-05-10  14348524.0  61.7956  61.460  61.89  61.9700  61.4600   98064 2024-05-10 04:00:00      60.326     58.1824     0.009954
2024-05-13  14479821.0  61.5784  61.960  61.26  62.1700  61.2100  103346 2024-05-13 04:00:00      60.472     58.3064    -0.010179
2024-05-14  14329662.0  61.7568  61.560  61.89  61.9850  61.0200  124873 2024-05-14 04:00:00      60.729     58.4280     0.010284
2024-05-15  15412208.0  62.1874  62.200  62.34  62.5500  61.8700  114874 2024-05-15 04:00:00      61.011     58.5428     0.007271
2024-05-16  20529173.0  61.5228  62.450  61.06  62.4750  60.9650  147910 2024-05-16 04:00:00      61.134     58.6218    -0.020533
2024-05-17  15715352.0  61.1241  61.410  61.08  61.6300  60.8850  121859 2024-05-17 04:00:00      61.248     58.7034     0.000328
2024-05-20  14949518.0  61.0834  60.975  60.70  61.7900  60.5900  114899 2024-05-20 04:00:00      61.299     58.7760    -0.006221
2024-05-21  17655354.0  61.4388  60.820  61.46  61.7000  60.7800  116485 2024-05-21 04:00:00      61.419     58.8634     0.012521
2024-05-22  10157991.0  60.9391  61.300  60.93  61.4500  60.5100   77109 2024-05-22 04:00:00      61.389     58.9298    -0.008623
2024-05-23  12009249.0  59.8527  60.750  59.68  60.7800  59.3600  103924 2024-05-23 04:00:00      61.229     58.9670    -0.020515
2024-05-24   8389835.0  60.0988  60.040  60.21  60.3900  59.8700   69010 2024-05-24 04:00:00      61.061     59.0238     0.008881
2024-05-28  10919094.0  59.5520  59.970  59.48  60.1800  59.1900   88025 2024-05-28 04:00:00      60.883     59.0632    -0.012124
2024-05-29  12109998.0  58.7188  58.865  58.75  58.9400  58.4200   92533 2024-05-29 04:00:00      60.569     59.0828    -0.012273
2024-05-30  12293021.0  59.0905  58.820  59.21  59.3900  58.6000  100096 2024-05-30 04:00:00      60.256     59.1268     0.007830
2024-05-31  23042862.0  59.7287  59.270  59.92  59.9900  58.9700   95133 2024-05-31 04:00:00      60.142     59.1792     0.011991
2024-06-03  11792694.0  59.3040  60.200  59.34  60.2000  58.6000   98455 2024-06-03 04:00:00      59.968     59.2090    -0.009680
2024-06-04  12041371.0  58.7325  58.820  58.70  59.4769  58.3400  101276 2024-06-04 04:00:00      59.768     59.2404    -0.010785
2024-06-05  10778638.0  58.5305  58.860  58.68  58.9200  58.1250   85401 2024-06-05 04:00:00      59.490     59.2794    -0.000341
2024-06-06  18392344.0  57.9793  58.780  57.73  58.9950  57.5000  137941 2024-06-06 04:00:00      59.170     59.3004    -0.016190
2024-06-07  13454908.0  58.3792  57.570  58.36  58.6800  57.5700  100224 2024-06-07 04:00:00      59.038     59.3154     0.010913
2024-06-10  12268825.0  57.8515  57.900  57.93  58.1300  57.3700   96716 2024-06-10 04:00:00      58.810     59.3148    -0.007368
2024-06-11  18277784.0  57.1307  57.750  57.13  57.7500  56.5100  142969 2024-06-11 04:00:00      58.575     59.3052    -0.013810
2024-06-12  16611209.0  57.5537  58.280  57.30  58.4500  57.1550  143036 2024-06-12 04:00:00      58.430     59.3042     0.002976
2024-06-13  15623934.0  57.2849  57.450  57.27  57.6200  56.6900  113992 2024-06-13 04:00:00      58.236     59.3070    -0.000524
2024-06-14  15095717.0  57.2581  56.990  57.40  57.6100  56.6200  105687 2024-06-14 04:00:00      57.984     59.3214     0.002270
2024-06-17  17208388.0  57.8732  57.205  58.24  58.2450  57.0700  119161 2024-06-17 04:00:00      57.874     59.3382     0.014634
2024-06-18  15077713.0  58.8601  58.210  59.05  59.0500  57.9000  126234 2024-06-18 04:00:00      57.909     59.3634     0.013908
2024-06-20  11807147.0  58.9072  58.740  58.96  59.2000  58.5900  102105 2024-06-20 04:00:00      57.937     59.3910    -0.001524
2024-06-21  61846891.0  58.0894  58.295  58.10  58.4600  57.3200  154742 2024-06-21 04:00:00      57.974     59.4142    -0.014586
2024-06-24  15153846.0  59.0699  58.490  59.01  59.4600  58.2700  111165 2024-06-24 04:00:00      58.039     59.4606     0.015663
2024-06-25  27135219.0  57.6538  58.770  57.20  59.0000  57.1800  133583 2024-06-25 04:00:00      57.966     59.4752    -0.030673
2024-06-26  29997888.0  57.1082  57.220  57.01  57.8000  56.8259  147936 2024-06-26 04:00:00      57.954     59.4760    -0.003322
2024-06-27  13669148.0  57.1291  56.410  57.42  57.4700  56.3300  110236 2024-06-27 04:00:00      57.966     59.4962     0.007192
2024-06-28  29652897.0  59.1706  58.090  59.39  59.4500  58.0900  145075 2024-06-28 04:00:00      58.178     59.5404     0.034309
2024-07-01  14266276.0  60.2974  59.610  60.59  60.6100  59.5700  110084 2024-07-01 04:00:00      58.497     59.5774     0.020205
2024-07-02   9235086.0  60.6842  60.490  60.97  61.1800  60.1400   77409 2024-07-02 04:00:00      58.770     59.5898     0.006272
2024-07-03   6575241.0  60.5919  61.000  60.66  61.1400  60.1600   57654 2024-07-03 04:00:00      58.931     59.5810    -0.005084
2024-07-05  10319304.0  59.5803  60.500  59.62  60.6600  59.1100   96686 2024-07-05 04:00:00      58.997     59.5546    -0.017145
2024-07-08  10591996.0  59.1971  59.970  59.01  60.4050  58.6600   98679 2024-07-08 04:00:00      59.088     59.5228    -0.010231
2024-07-09  11838060.0  59.7623  59.075  59.88  60.4200  58.9150  102014 2024-07-09 04:00:00      59.175     59.5218     0.014743
2024-07-10  11826884.0  59.6477  59.540  59.72  59.9900  59.3750  103287 2024-07-10 04:00:00      59.427     59.5180    -0.002672
2024-07-11  16050460.0  60.1561  59.400  60.16  60.7050  59.2800  128256 2024-07-11 04:00:00      59.742     59.5252     0.007368
2024-07-12  52703855.0  56.3408  56.200  56.54  56.9200  55.6000  374238 2024-07-12 04:00:00      59.654     59.4696    -0.060173
2024-07-15  24836204.0  57.7502  57.050  57.73  58.2400  57.0400  181556 2024-07-15 04:00:00      59.488     59.4338     0.021047
2024-07-16  24562600.0  59.7112  58.040  60.24  60.6200  57.5250  172983 2024-07-16 04:00:00      59.453     59.4420     0.043478
2024-07-17  16529035.0  60.6976  60.160  60.91  61.0000  59.8850  157810 2024-07-17 04:00:00      59.447     59.4614     0.011122
2024-07-18  16502947.0  59.7188  60.620  59.24  60.8200  58.9900  117599 2024-07-18 04:00:00      59.305     59.4424    -0.027418
2024-07-19  11877472.0  59.3310  59.300  59.23  59.7700  59.1100  107140 2024-07-19 04:00:00      59.266     59.4218    -0.000169
2024-07-22  12937473.0  59.0456  59.260  59.14  59.3900  58.5400   88543 2024-07-22 04:00:00      59.279     59.3800    -0.001520
2024-07-23  10326524.0  59.6254  59.200  59.67  59.9050  59.0400  104390 2024-07-23 04:00:00      59.258     59.3478     0.008962
2024-07-24  10491308.0  59.5973  59.770  59.44  60.2100  59.3700   82205 2024-07-24 04:00:00      59.230     59.2988    -0.003855
2024-07-25  13470338.0  60.1116  59.560  59.70  60.7300  59.4500  109075 2024-07-25 04:00:00      59.184     59.2676     0.004374
2024-07-26  11803473.0  60.1430  59.850  60.39  60.4500  59.5700   97192 2024-07-26 04:00:00      59.569     59.2376     0.011558
2024-07-29   8572584.0  59.6835  60.740  59.59  60.8300  59.3450   73787 2024-07-29 04:00:00      59.755     59.1826    -0.013247
2024-07-30  11233704.0  60.2013  60.460  60.01  60.7300  59.8850   92428 2024-07-30 04:00:00      59.732     59.1616     0.007048
2024-07-31  10540894.0  59.6294  59.820  59.34  60.1200  59.2000   83883 2024-07-31 04:00:00      59.575     59.1268    -0.011165
2024-08-01  17298923.0  57.2046  59.260  56.88  59.3400  56.5150  139596 2024-08-01 04:00:00      59.339     59.0504    -0.041456
2024-08-02  27331380.0  53.3961  55.180  53.26  55.5700  52.8000  224905 2024-08-02 04:00:00      58.742     58.8864    -0.063643
2024-08-05  27814106.0  51.8060  51.300  52.12  52.4000  50.1500  212146 2024-08-05 04:00:00      58.040     58.7102    -0.021404
2024-08-06  17798740.0  52.6294  52.280  52.36  52.9600  52.0500  141854 2024-08-06 04:00:00      57.309     58.5638     0.004605
2024-08-07  17560270.0  52.6601  53.150  52.29  53.4900  52.1500  136304 2024-08-07 04:00:00      56.594     58.4054    -0.001337
2024-08-08  14627958.0  52.9227  52.970  52.76  53.3182  52.6500   97983 2024-08-08 04:00:00      55.900     58.2710     0.008988
2024-08-09  11129772.0  52.6285  52.300  52.76  52.8300  52.0700   88540 2024-08-09 04:00:00      55.137     58.1512     0.000000
2024-08-12  15442340.0  52.1290  52.910  52.06  53.4700  51.6750  113720 2024-08-12 04:00:00      54.384     58.0082    -0.013268
2024-08-13  12109072.0  52.6052  52.360  52.87  52.9600  51.8100   81710 2024-08-13 04:00:00      53.670     57.8672     0.015559
2024-08-14  13046942.0  53.4217  53.030  53.66  53.7750  52.7200   85881 2024-08-14 04:00:00      53.102     57.7536     0.014942
2024-08-15  16108129.0  54.7387  54.500  54.57  55.1700  54.4300  118139 2024-08-15 04:00:00      52.871     57.6710     0.016959
2024-08-16  17328640.0  55.2098  54.780  55.33  55.4300  54.6100   95212 2024-08-16 04:00:00      53.078     57.6040     0.013927
2024-08-19  12683546.0  56.1686  55.345  56.45  56.4600  55.2600   86017 2024-08-19 04:00:00      53.511     57.5784     0.020242
2024-08-20  12330169.0  56.2802  56.030  56.15  56.7200  55.9200   92715 2024-08-20 04:00:00      53.890     57.5342    -0.005314
2024-08-21  13271723.0  55.5030  56.440  55.46  56.4500  55.2000  104786 2024-08-21 04:00:00      54.207     57.4848    -0.012289
2024-08-22  15039118.0  56.0283  55.700  55.96  56.3700  55.6600  102830 2024-08-22 04:00:00      54.527     57.4614     0.009016
2024-08-23  16455273.0  56.7599  56.420  56.70  57.3950  56.3200  126918 2024-08-23 04:00:00      54.921     57.4494     0.013224
2024-08-26   8525099.0  56.7815  57.020  56.72  57.1500  56.5350   83512 2024-08-26 04:00:00      55.387     57.4384     0.000353
2024-08-27   6993602.0  56.3795  56.710  56.26  56.9200  56.1550   61359 2024-08-27 04:00:00      55.726     57.4156    -0.008110
2024-08-28  11637943.0  56.9879  56.060  57.07  57.3600  56.0300  105370 2024-08-28 04:00:00      56.067     57.3922     0.014397
2024-08-29   9001873.0  57.3715  57.310  57.35  57.7700  56.5100   83774 2024-08-29 04:00:00      56.345     57.3582     0.004906
2024-08-30  19214518.0  58.2620  57.450  58.47  58.5800  57.3800  104084 2024-08-30 04:00:00      56.659     57.3484     0.019529
2024-09-03  15690090.0  58.4574  58.620  58.37  58.9450  57.9000  138547 2024-09-03 04:00:00      56.851     57.3538    -0.001710
2024-09-04  10664368.0  58.2992  58.490  58.12  59.0000  57.7200  100197 2024-09-04 04:00:00      57.048     57.3360    -0.004283
2024-09-05  16960058.0  56.9694  58.620  56.86  58.6800  56.5400  133325 2024-09-05 04:00:00      57.188     57.3292    -0.021679
2024-09-06  21684875.0  54.4403  56.680  54.00  56.7800  53.6900  175852 2024-09-06 04:00:00      56.992     57.2690    -0.050299
2024-09-09  16350199.0  54.6923  54.730  54.59  55.0800  54.4300  122215 2024-09-09 04:00:00      56.781     57.2124     0.010926
2024-09-10  24504468.0  54.3790  56.000  53.95  56.1000  53.3800  207030 2024-09-10 04:00:00      56.504     57.1036    -0.011724
2024-09-11  16912715.0  53.2836  53.720  53.73  53.8600  52.4250  152723 2024-09-11 04:00:00      56.251     56.9664    -0.004078
2024-09-12  42424818.0  51.9653  53.730  51.57  54.3400  50.2200  296038 2024-09-12 04:00:00      55.701     56.7784    -0.040201
2024-09-13  24215331.0  52.4953  51.860  52.78  53.0350  51.7500  188661 2024-09-13 04:00:00      55.244     56.6208     0.023463
2024-09-16  17638450.0  53.5630  52.810  53.79  53.9300  52.8100  131501 2024-09-16 04:00:00      54.776     56.5042     0.019136
2024-09-17  15679979.0  54.6348  53.970  54.51  55.0650  53.9700  123455 2024-09-17 04:00:00      54.390     56.4142     0.013385
2024-09-18  19712935.0  54.5339  54.460  54.26  55.1900  54.1000  158644 2024-09-18 04:00:00      54.004     56.3018    -0.004586
2024-09-19  21254512.0  55.7098  55.010  55.80  56.0050  54.6500  151422 2024-09-19 04:00:00      53.898     56.2234     0.028382
2024-09-20  39588287.0  56.0501  55.350  56.29  56.2900  54.8750  127432 2024-09-20 04:00:00      54.127     56.1460     0.008781
2024-09-23  14213232.0  55.2288  56.260  55.11  56.5200  54.9000   96942 2024-09-23 04:00:00      54.179     56.1174    -0.020963
2024-09-24  15902123.0  54.2692  55.120  54.16  55.1900  53.7900  105763 2024-09-24 04:00:00      54.200     56.0460    -0.017238
2024-09-25  10166583.0  53.6735  54.280  53.61  54.3300  53.4100   90332 2024-09-25 04:00:00      54.188     55.9134    -0.010155
2024-09-26  33719333.0  55.8187  54.035  56.39  57.1100  53.3150  283333 2024-09-26 04:00:00      54.670     55.8230     0.051856
2024-09-27  12212087.0  56.1347  56.620  55.90  56.6200  55.8000  107947 2024-09-27 04:00:00      54.982     55.7562    -0.008689
2024-09-30  14112771.0  56.2432  55.660  56.49  56.5150  55.4800   98317 2024-09-30 04:00:00      55.252     55.7014     0.010555
2024-10-01  10372530.0  55.5827  56.000  55.39  56.0300  55.2000  100674 2024-10-01 04:00:00      55.340     55.6264    -0.019472
2024-10-02   8699285.0  55.2299  55.330  55.30  55.8140  54.9200   82616 2024-10-02 04:00:00      55.444     55.5390    -0.001625
2024-10-03   7765819.0  54.8676  55.080  54.98  55.2100  54.4050   75501 2024-10-03 04:00:00      55.362     55.4498    -0.005787
2024-10-04  14415196.0  56.7156  55.990  56.96  57.1250  55.9800  122695 2024-10-04 04:00:00      55.429     55.3950     0.036013
2024-10-07   9953106.0  57.1826  57.225  57.16  57.6300  56.8000  107656 2024-10-07 04:00:00      55.634     55.3304     0.003511
2024-10-08  11419102.0  57.4858  58.280  57.30  58.2800  57.2700   97899 2024-10-08 04:00:00      55.948     55.2846     0.002449
2024-10-09  12199081.0  57.4224  57.320  57.54  57.7250  57.0700   99694 2024-10-09 04:00:00      56.341     55.2352     0.004188
2024-10-10  12530911.0  57.8013  57.720  57.75  58.3900  57.3500  123548 2024-10-10 04:00:00      56.477     55.2034     0.003650
2024-10-11  36737590.0  61.0387  59.955  60.99  61.7200  59.9200  253575 2024-10-11 04:00:00      56.986     55.2856     0.056104
2024-10-14  29172208.0  62.4891  61.270  62.16  63.3500  60.9400  217682 2024-10-14 04:00:00      57.553     55.4636     0.019183
2024-10-15  23692456.0  63.1657  62.910  63.03  63.8200  62.2250  211771 2024-10-15 04:00:00      58.317     55.6818     0.013996
2024-10-16  17300720.0  63.7361  63.235  63.89  64.0800  63.1200  141913 2024-10-16 04:00:00      59.176     55.9124     0.013644
2024-10-17  14930849.0  64.4588  64.490  64.38  64.7150  63.5000  124750 2024-10-17 04:00:00      60.116     56.1542     0.007669
2024-10-18  18486325.0  64.4033  64.410  64.36  64.7800  63.8250  115821 2024-10-18 04:00:00      60.856     56.3862    -0.000311
2024-10-21  15332378.0  64.1989  64.480  64.02  64.6850  63.9200  118773 2024-10-21 04:00:00      61.542     56.6114    -0.005283
2024-10-22  25977937.0  64.8153  64.020  64.81  65.2075  64.0000  129219 2024-10-22 04:00:00      62.293     56.8664     0.012340
2024-10-23  18072244.0  64.5843  64.770  64.56  65.0500  63.8600  136391 2024-10-23 04:00:00      62.995     57.1002    -0.003857
2024-10-24  17709339.0  65.1109  64.615  65.43  65.5700  64.3250  125259 2024-10-24 04:00:00      63.763     57.3356     0.013476
2024-10-25  14581271.0  64.8522  65.845  64.53  65.9500  64.2450  127490 2024-10-25 04:00:00      64.117     57.5348    -0.013755
2024-10-28  14519271.0  65.5077  64.995  65.61  65.7450  64.8100  135956 2024-10-28 04:00:00      64.462     57.7404     0.016736
2024-10-29  11514797.0  65.5905  65.490  65.30  66.0000  65.2400  102930 2024-10-29 04:00:00      64.689     57.9174    -0.004725
2024-10-30  15632622.0  65.5398  65.130  65.41  66.3950  65.1300   93539 2024-10-30 04:00:00      64.841     58.1026     0.001685
2024-10-31  12332886.0  65.0589  65.100  64.92  65.7500  64.6250   93504 2024-10-31 04:00:00      64.895     58.2918    -0.007491
2024-11-01  12020128.0  64.9456  65.220  64.68  65.5800  64.6200   97899 2024-11-01 04:00:00      64.927     58.4662    -0.003697
2024-11-04  12456846.0  63.6533  64.560  63.70  64.6500  63.0500  112074 2024-11-04 05:00:00      64.895     58.6062    -0.015152
2024-11-05  11720014.0  63.9569  64.000  64.07  64.5000  63.6200  105409 2024-11-05 05:00:00      64.821     58.7532     0.005808
2024-11-06  62611008.0  72.2305  73.300  72.47  74.2700  69.9500  479840 2024-11-06 05:00:00      65.612     59.0774     0.131107
2024-11-07  18136531.0  70.3817  71.640  69.82  71.6700  69.7350  175158 2024-11-07 05:00:00      66.051     59.3324    -0.036567
2024-11-08  13735777.0  69.8462  70.005  70.04  70.1300  69.3600  112216 2024-11-08 05:00:00      66.602     59.5862     0.003151
2024-11-11  16175581.0  72.5979  71.020  72.56  73.2500  71.0200  152761 2024-11-11 05:00:00      67.297     59.8680     0.035979
2024-11-12  17026228.0  72.6454  72.775  72.60  73.3700  72.1100  136809 2024-11-12 05:00:00      68.027     60.1526     0.000551
2024-11-13  16642942.0  73.0580  72.750  72.77  73.9600  72.6550  128539 2024-11-13 05:00:00      68.763     60.4456     0.002342
2024-11-14  12646967.0  72.9258  72.850  72.80  73.4700  72.5101  110868 2024-11-14 05:00:00      69.551     60.7644     0.000412
2024-11-15  18044724.0  73.7424  73.000  74.34  74.4100  72.8900  141780 2024-11-15 05:00:00      70.517     61.1712     0.021154
2024-11-18  16433818.0  74.1327  74.500  74.09  74.7000  73.7200  120475 2024-11-18 05:00:00      71.556     61.5612    -0.003363
2024-11-19  15283107.0  73.6393  73.620  73.43  74.1600  73.1300  106570 2024-11-19 05:00:00      72.492     61.9508    -0.008908
2024-11-20  14102536.0  73.3314  73.670  73.58  73.7800  72.4250  112850 2024-11-20 05:00:00      72.603     62.3478     0.002043
2024-11-21  19641548.0  75.1738  73.935  74.83  76.0400  73.9350  148839 2024-11-21 05:00:00      73.104     62.8130     0.016988
2024-11-22  14307427.0  75.5451  74.565  75.96  76.0800  74.5500  110667 2024-11-22 05:00:00      73.696     63.2766     0.015101
2024-11-25  25687235.0  76.7657  76.200  76.90  77.3050  75.9650  161511 2024-11-25 05:00:00      74.130     63.7388     0.012375
2024-11-26  17162700.0  77.4796  77.500  77.35  78.1300  76.3600  145595 2024-11-26 05:00:00      74.605     64.1956     0.005852
2024-11-27  19625538.0  77.0198  77.370  77.21  77.7900  76.4250  121755 2024-11-27 05:00:00      75.049     64.6546    -0.001810
2024-11-29   9073767.0  76.6476  77.690  76.17  78.0400  76.1400   67556 2024-11-29 05:00:00      75.386     65.0620    -0.013470
2024-12-02  17370444.0  75.3230  76.950  75.28  76.9500  74.8000  150198 2024-12-02 05:00:00      75.480     65.4418    -0.011684
2024-12-03  13037998.0  74.4549  75.810  74.14  75.8500  74.0200  114327 2024-12-03 05:00:00      75.485     65.8224    -0.015143
2024-12-04  13434365.0  73.1584  74.050  73.06  74.2500  72.7100  112684 2024-12-04 05:00:00      75.448     66.2004    -0.014567
2024-12-05  17459543.0  74.0255  73.400  73.66  74.6100  73.1000  122194 2024-12-05 05:00:00      75.456     66.6014     0.008212
2024-12-06  13540444.0  74.2320  73.990  74.33  74.7200  73.7300  103191 2024-12-06 05:00:00      75.406     66.9602     0.009096
2024-12-09  14324463.0  73.3883  74.305  72.62  74.5500  72.4200  139498 2024-12-09 05:00:00      75.072     67.2946    -0.023006