                 v_WMT       vw    o_WMT    c_WMT    h_WMT    l_WMT       n                 t_a  WMT_SMA_10  WMT_SMA_50  WMT_Returns
t                                                                                                                                   
2023-12-11  31883262.0  50.1407  50.3800  50.4133  50.4833  49.8467  126333 2023-12-11 05:00:00    51.44601   53.231672     0.002518
2023-12-12  21382020.0  50.3639  50.4067  50.4533  50.5667  50.0767   95041 2023-12-12 05:00:00    51.20334   53.173404     0.000793
2023-12-13  35348679.0  50.9675  50.5167  51.3500  51.3500  50.2133  122019 2023-12-13 05:00:00    51.13567   53.139804     0.017773
2023-12-14  30891255.0  50.7941  51.1733  50.7233  51.3133  50.6433  133684 2023-12-14 05:00:00    51.01833   53.080936    -0.012204
2023-12-15  70003587.0  50.8540  50.5933  50.9133  51.1533  50.5133  115860 2023-12-15 05:00:00    50.96499   53.038668     0.003746
2023-12-18  26316012.0  51.5050  51.1167  51.6567  51.6900  51.0433  100590 2023-12-18 05:00:00    50.98733   53.029068     0.014601
2023-12-19  24417093.0  51.6802  51.6133  51.8433  51.8967  51.3633  101426 2023-12-19 05:00:00    50.98066   53.027000     0.003612
2023-12-20  21967701.0  51.5922  51.8067  51.2367  52.0467  51.2067   96998 2023-12-20 05:00:00    50.96966   53.001068    -0.011701
2023-12-21  20087784.0  51.5422  51.3333  51.6000  51.6867  51.3017   86390 2023-12-21 05:00:00    51.04766   52.978202     0.007091
2023-12-22  19405641.0  52.2338  51.8167  52.2167  52.3833  51.7184   91668 2023-12-22 05:00:00    51.24066   52.962870     0.011952
2023-12-26  11679963.0  52.1495  52.2167  52.1367  52.3300  52.0367   66850 2023-12-26 05:00:00    51.41300   52.940070    -0.001532
2023-12-27  19895964.0  52.5353  52.1033  52.6267  52.6483  52.0533   86009 2023-12-27 05:00:00    51.63034   52.917870     0.009398
2023-12-28  16776066.0  52.5901  52.5900  52.5233  52.7767  52.5000   81975 2023-12-28 05:00:00    51.74767   52.892202    -0.001965
2023-12-29  21948198.0  52.5699  52.5100  52.5500  52.6933  52.3867   86383 2023-12-29 05:00:00    51.93034   52.866268     0.000508
2024-01-02  23539677.0  53.0026  52.4167  53.0967  53.1783  52.3967  104569 2024-01-02 05:00:00    52.14868   52.856402     0.010403
2024-01-03  18756060.0  53.1492  53.2567  53.1000  53.4333  52.9767   93432 2024-01-03 05:00:00    52.29301   52.860002     0.000062
2024-01-04  19282470.0  52.7388  53.0700  52.5867  53.1800  52.4967   85744 2024-01-04 05:00:00    52.36735   52.838336    -0.009667
2024-01-05  21709503.0  52.1729  52.6400  52.2367  52.7000  51.8667   96439 2024-01-05 05:00:00    52.46735   52.794736    -0.006656
2024-01-08  20680878.0  52.6258  52.2333  52.7500  52.7650  52.2250   86057 2024-01-08 05:00:00    52.58235   52.764670     0.009826
2024-01-09  23322378.0  52.9083  52.6433  53.1033  53.1133  52.5767   90987 2024-01-09 05:00:00    52.67101   52.748270     0.006698
2024-01-10  20122038.0  53.6774  53.1867  53.7633  53.8334  53.1867   99806 2024-01-10 05:00:00    52.83367   52.749070     0.012429
2024-01-11  14355207.0  53.6183  53.7833  53.7033  53.9633  53.3900   76687 2024-01-11 05:00:00    52.94133   52.736336    -0.001116
2024-01-12  13628967.0  53.6705  53.7900  53.7733  53.8483  53.4600   63731 2024-01-12 05:00:00    53.06633   52.722402     0.001303
2024-01-16  17032590.0  53.9037  53.8133  53.9433  54.1333  53.7433   82137 2024-01-16 05:00:00    53.20566   52.702134     0.003161
2024-01-17  14827662.0  53.7447  53.7933  53.6900  53.9950  53.5433   75757 2024-01-17 05:00:00    53.26499   52.672468    -0.004696
2024-01-18  18190611.0  54.1172  53.7200  54.4133  54.4633  53.5600   89033 2024-01-18 05:00:00    53.39632   52.663000     0.013472
2024-01-19  19175295.0  54.1378  54.4767  54.1267  54.5233  53.8133   84082 2024-01-19 05:00:00    53.55032   52.646334    -0.005267
2024-01-22  13938381.0  54.0803  54.2633  54.1300  54.3167  53.8333   76448 2024-01-22 05:00:00    53.73965   52.624600     0.000061
2024-01-23  12066516.0  54.1404  54.0400  54.2667  54.2833  53.9233   61136 2024-01-23 05:00:00    53.89132   52.614600     0.002525
2024-01-24  22932861.0  53.7849  54.3000  53.5000  54.3550  53.4400   82056 2024-01-24 05:00:00    53.93099   52.591800    -0.014128
2024-01-25  16369602.0  53.9831  53.8000  54.2800  54.2900  53.4733   79155 2024-01-25 05:00:00    53.98266   52.569466     0.014579
2024-01-26  15746316.0  54.6138  54.3500  54.7567  54.7933  54.2200   67431 2024-01-26 05:00:00    54.08800   52.546734     0.008782
2024-01-29  18240312.0  54.8467  54.7833  55.0133  55.1350  54.5067   77375 2024-01-29 05:00:00    54.21200   52.529334     0.004686
2024-01-30  15270012.0  55.1160  54.9000  55.1967  55.2683  54.5400   74190 2024-01-30 05:00:00    54.33734   52.501402     0.003334
2024-01-31  26134875.0  55.3316  55.9333  55.0833  55.9333  55.0367  135598 2024-01-31 05:00:00    54.47667   52.562802    -0.002054
2024-02-01  20792553.0  55.8371  55.2333  56.1033  56.1180  55.0600  110753 2024-02-01 05:00:00    54.64567   52.649202     0.018517
2024-02-02  21670686.0  56.4293  56.0500  56.5233  56.8583  55.9733  110223 2024-02-02 05:00:00    54.88533   52.744334     0.007486
2024-02-05  19145070.0  56.2914  56.6700  56.2200  56.6700  56.0233   91281 2024-02-05 05:00:00    55.09433   52.829668    -0.005366
2024-02-06  14189784.0  56.4772  56.2633  56.6033  56.6500  56.1133   79834 2024-02-06 05:00:00    55.32799   52.930600     0.006818
2024-02-07  17082465.0  56.5903  56.7567  56.4600  56.8867  56.4000   89553 2024-02-07 05:00:00    55.62399   53.019400    -0.002532
2024-02-08  14427927.0  56.5527  56.4600  56.4567  56.8500  56.3800   79242 2024-02-08 05:00:00    55.84166   53.103400    -0.000058
2024-02-09  14329866.0  56.4359  56.4633  56.4267  56.5767  56.3067   77918 2024-02-09 05:00:00    56.00866   53.174334    -0.000531
2024-02-12  14795040.0  56.6435  56.4100  56.7667  56.7867  56.3500   78444 2024-02-12 05:00:00    56.18400   53.269134     0.006026
2024-02-13  18574215.0  56.4421  56.8733  56.3800  57.0233  56.0900   94178 2024-02-13 05:00:00    56.30233   53.358800    -0.006812
2024-02-14  18484602.0  56.0692  56.2500  56.2000  56.2917  55.8467  100037 2024-02-14 05:00:00    56.41400   53.453866    -0.003193
2024-02-15  16948857.0  56.3205  56.6000  56.4300  56.6167  55.9900   92736 2024-02-15 05:00:00    56.44667   53.553800     0.004093
2024-02-16  22373541.0  56.9099  56.7633  56.7867  57.3100  56.4300  113706 2024-02-16 05:00:00    56.47301   53.651334     0.006321
2024-02-20  71788614.0  59.0024  59.4933  58.6200  60.4500  58.4100  290735 2024-02-20 05:00:00    56.71301   53.796800     0.032284
2024-02-21  40551531.0  57.9404  58.3333  57.9000  58.5267  57.6000  164459 2024-02-21 05:00:00    56.84268   53.938400    -0.012282
2024-02-22  29512935.0  58.2736  57.9600  58.4700  58.4900  57.7700  132034 2024-02-22 05:00:00    57.04368   54.102066     0.009845
2024-02-23  74365767.0  58.5956  58.6967  58.5200  59.2167  58.4367  163462 2024-02-23 05:00:00    57.25001   54.264200     0.000855
2024-02-26  32154765.0  59.3723  59.1200  59.6000  59.8400  58.1800  286392 2024-02-26 05:00:00    57.56734   54.447134     0.018455
2024-02-27  18012749.0  59.5337  59.6400  59.5900  59.8000  59.2200  146491 2024-02-27 05:00:00    57.84967   54.611934    -0.000168
2024-02-28  14803289.0  59.5931  59.5500  59.6200  59.7600  59.3100  109226 2024-02-28 05:00:00    58.17367   54.789868     0.000503
2024-02-29  29245142.0  58.7616  59.4500  58.6100  59.4900  58.5900  156511 2024-02-29 05:00:00    58.41467   54.943802    -0.016941
2024-03-01  19030919.0  58.5975  58.8000  58.7600  58.8500  58.2000  141976 2024-03-01 05:00:00    58.64767   55.085868     0.002559
2024-03-04  16033298.0  59.1516  58.5000  59.3000  59.3900  58.4000  126635 2024-03-04 05:00:00    58.89900   55.235002     0.009190
2024-03-05  19676884.0  60.0700  59.8700  60.0400  60.3400  59.5750  153844 2024-03-05 05:00:00    59.04100   55.411068     0.012479
2024-03-06  12698714.0  60.4144  60.1200  60.5700  60.6200  60.0400  109278 2024-03-06 05:00:00    59.30800   55.590468     0.008827
2024-03-07  16195303.0  60.4912  61.0000  60.3600  61.0699  60.3450  112942 2024-03-07 05:00:00    59.49700   55.753334    -0.003467
2024-03-08  12143645.0  60.0761  60.0000  60.1200  60.2800  59.7300  111239 2024-03-08 05:00:00    59.65700   55.913000    -0.003976
2024-03-11  14153969.0  60.3890  60.1000  60.6600  60.7100  59.8700  117536 2024-03-11 04:00:00    59.76300   56.073666     0.008982
2024-03-12  16613062.0  61.3162  60.9500  61.4100  61.5650  60.6450  133297 2024-03-12 04:00:00    59.94500   56.251400     0.012364
2024-03-13  15735187.0  61.1706  61.2600  61.2800  61.4550  60.8800  132164 2024-03-13 04:00:00    60.11100   56.426000    -0.002117
2024-03-14  16584660.0  60.9825  61.2800  61.0200  61.4400  60.5950  126413 2024-03-14 04:00:00    60.35200   56.584466    -0.004243
2024-03-15  50746329.0  60.7169  60.6800  60.6800  61.1500  60.4600  121745 2024-03-15 04:00:00    60.54400   56.736066    -0.005572
2024-03-18  16951885.0  60.7556  60.6900  60.8600  60.9000  60.3900  104721 2024-03-18 04:00:00    60.70000   56.901532     0.002966
2024-03-19  12353624.0  60.8525  60.9700  60.8700  61.0700  60.6000   80779 2024-03-19 04:00:00    60.78300   57.074198     0.000164
2024-03-20  12007593.0  61.1013  60.8400  61.2500  61.2800  60.7400   89128 2024-03-20 04:00:00    60.85100   57.244198     0.006243
2024-03-21  14265872.0  61.4582  61.2800  61.4500  61.6550  61.0500   99694 2024-03-21 04:00:00    60.96000   57.411132     0.003265
2024-03-22  14029440.0  61.0826  61.3200  60.8700  61.5260  60.8500   93206 2024-03-22 04:00:00    61.03500   57.553266    -0.009439
2024-03-25  14186627.0  60.5604  60.8700  60.5700  60.9850  60.3600  105344 2024-03-25 04:00:00    61.02600   57.690600    -0.004929
2024-03-26  13738342.0  60.6057  60.4600  60.5100  60.8300  60.2300   96122 2024-03-26 04:00:00    60.93600   57.825334    -0.000991
2024-03-27  14363410.0  60.6543  60.8700  60.7200  61.0500  60.3800   97799 2024-03-27 04:00:00    60.88000   57.960868     0.003471
2024-03-28  17535100.0  60.3284  60.6600  60.1700  60.7700  60.1600  112843 2024-03-28 04:00:00    60.79500   58.090468    -0.009058
2024-04-01  13837599.0  60.2007  60.3100  60.0000  60.7600  59.9300  118439 2024-04-01 04:00:00    60.72700   58.202202    -0.002825
2024-04-02  19510121.0  59.1938  59.9000  59.1600  60.1000  58.8800  141407 2024-04-02 04:00:00    60.55700   58.302868    -0.014000
2024-04-03  14615103.0  59.2676  59.3800  59.4300  59.5000  58.9400  110362 2024-04-03 04:00:00    60.41300   58.408868     0.004564
2024-04-04  14436126.0  59.5292  59.5400  59.5000  59.8100  59.2900  117293 2024-04-04 04:00:00    60.23800   58.513534     0.001178
2024-04-05  10328109.0  59.7924  59.5500  59.8500  60.0400  59.4900   92341 2024-04-05 04:00:00    60.07800   58.640534     0.005882
2024-04-08  11070120.0  59.8058  59.6000  59.7800  60.0400  59.4200   98837 2024-04-08 04:00:00    59.96900   58.750534    -0.001170
2024-04-09  10015922.0  59.7020  59.8700  59.7900  59.9700  59.3000   92178 2024-04-09 04:00:00    59.89100   58.851200     0.000167
2024-04-10  15013558.0  60.3901  59.6200  60.6200  60.7600  59.3900  128211 2024-04-10 04:00:00    59.90200   58.963334     0.013882
2024-04-11  10987600.0  60.2549  60.7500  60.0900  60.8900  60.0700  100272 2024-04-11 04:00:00    59.83900   59.061200    -0.008743
2024-04-12  12280569.0  60.2885  60.0000  60.1400  60.7200  59.9500  105456 2024-04-12 04:00:00    59.83600   59.162334     0.000832
2024-04-15  10212845.0  60.1399  60.5100  59.9300  60.7000  59.9100   97433 2024-04-15 04:00:00    59.82900   59.238868    -0.003492
2024-04-16  13507791.0  59.9665  60.0300  59.8400  60.2900  59.7800  114086 2024-04-16 04:00:00    59.89700   59.305202    -0.001502
2024-04-17  14719889.0  59.8890  60.1500  59.6500  60.4300  59.5700  132645 2024-04-17 04:00:00    59.91900   59.373802    -0.003175
2024-04-18  11240983.0  59.4145  59.8300  59.2600  59.9350  59.2200   99235 2024-04-18 04:00:00    59.89500   59.426936    -0.006538
2024-04-19  13363659.0  59.4006  59.4500  59.5300  59.6700  58.9700  100777 2024-04-19 04:00:00    59.86300   59.488336     0.004556
2024-04-22  14767432.0  59.9084  59.5600  60.1400  60.3950  59.0400  118344 2024-04-22 04:00:00    59.89900   59.562002     0.010247
2024-04-23  17469598.0  59.0662  60.2500  59.0900  60.3500  58.5550  147420 2024-04-23 04:00:00    59.82900   59.615268    -0.017459
2024-04-24  18086355.0  59.6664  58.9750  59.8700  60.0400  58.8100  121537 2024-04-24 04:00:00    59.75400   59.677334     0.013200
2024-04-25  18000949.0  60.2093  60.0500  60.2100  60.5300  59.8325  125557 2024-04-25 04:00:00    59.76600   59.753934     0.005679
2024-04-26   9966491.0  60.1806  60.1100  60.1600  60.3900  60.0000   91815 2024-04-26 04:00:00    59.76800   59.833134    -0.000830
2024-04-29   9547543.0  60.1459  60.1800  60.2400  60.3900  59.9400   89232 2024-04-29 04:00:00    59.79900   59.909334     0.001330
2024-04-30  13736317.0  59.3908  60.2000  59.3500  60.3000  59.1600  109081 2024-04-30 04:00:00    59.75000   59.960600    -0.014774
2024-05-01  15317904.0  59.0148  59.3100  58.8500  59.4100  58.7200  115612 2024-05-01 04:00:00    59.67000   59.965200    -0.008425
2024-05-02  17321926.0  59.4758  58.9400  59.7100  59.8850  58.5800  111277 2024-05-02 04:00:00    59.71500   60.001400     0.014613
2024-05-03  14058858.0  59.6922  59.6200  59.8200  59.9800  59.1400  104377 2024-05-03 04:00:00    59.74400   60.028400     0.001842
2024-05-06  11040171.0  59.7046  60.0000  59.8700  60.0000  59.3900  103147 2024-05-06 04:00:00    59.71700   60.055400     0.000836
2024-05-07  14004724.0  60.5381  60.1700  60.6200  60.8000  60.0500  111583 2024-05-07 04:00:00    59.87000   60.075800     0.012527
2024-05-08  10909237.0  60.4834  60.6300  60.3000  60.8450  60.2200   96232 2024-05-08 04:00:00    59.91300   60.090000    -0.005279
2024-05-09  13570344.0  60.3796  60.2000  60.4400  60.5799  59.9500  101436 2024-05-09 04:00:00    59.93600   60.106400     0.002322
2024-05-10  12188347.0  60.4148  60.4100  60.4800  60.5800  60.1600  104365 2024-05-10 04:00:00    59.96800   60.143800     0.000662
2024-05-13  18721898.0  60.6851  60.6200  60.4100  61.3450  60.2900  151036 2024-05-13 04:00:00    59.98500   60.176800    -0.001157
2024-05-14  18634323.0  59.8358  60.5200  59.8600  60.5500  59.4350  139349 2024-05-14 04:00:00    60.03600   60.188000    -0.009104
2024-05-15  20165887.0  59.7237  59.8300  59.8300  59.9400  59.4700  166104 2024-05-15 04:00:00    60.13400   60.183800    -0.000501
2024-05-16  59967688.0  63.5983  64.2200  64.0100  64.4150  62.9400  375150 2024-05-16 04:00:00    60.56400   60.252600     0.069865
2024-05-17  28857244.0  64.5124  64.2400  64.6500  64.8800  63.6300  198797 2024-05-17 04:00:00    61.04700   60.338400     0.009998
2024-05-20  14066269.0  64.2783  64.4200  64.1800  64.7600  63.8700  113255 2024-05-20 04:00:00    61.47800   60.419600    -0.007270
2024-05-21  15954477.0  64.9356  64.5300  65.1500  65.1900  64.4500  121872 2024-05-21 04:00:00    61.93100   60.509400     0.015114
2024-05-22  14720880.0  65.3033  64.9800  65.2500  65.6900  64.7300  110285 2024-05-22 04:00:00    62.42600   60.586200     0.001535
2024-05-23  14615874.0  65.0004  65.1700  64.8400  65.5150  64.5600  124334 2024-05-23 04:00:00    62.86600   60.657400    -0.006284
2024-05-24  10925286.0  65.3609  65.1300  65.3800  65.6900  65.0100   92205 2024-05-24 04:00:00    63.35600   60.744600     0.008328
2024-05-28  12956584.0  65.0198  65.2200  65.0400  65.4700  64.7400  118083 2024-05-28 04:00:00    63.81900   60.831800    -0.005200
2024-05-29  10833097.0  64.9789  64.7500  64.9200  65.2100  64.6500  101049 2024-05-29 04:00:00    64.32500   60.913000    -0.001845
2024-05-30  12684763.0  64.9327  64.9300  64.8900  65.1711  64.7700  101961 2024-05-30 04:00:00    64.83100   60.993400    -0.000462
2024-05-31  26573339.0  65.2319  64.6700  65.7600  65.9000  64.1600  141644 2024-05-31 04:00:00    65.00600   61.083600     0.013407
2024-06-03  11021266.0  65.5820  65.5100  65.8200  65.8400  65.1603  107115 2024-06-03 04:00:00    65.12300   61.171000     0.000912
2024-06-04  14370623.0  66.3678  65.9900  66.6000  66.6350  65.8350  115676 2024-06-04 04:00:00    65.36500   61.285600     0.011851
2024-06-05  14712080.0  66.8340  66.5700  67.0900  67.1500  66.2800  125396 2024-06-05 04:00:00    65.55900   61.416000     0.007357
2024-06-06  12979817.0  67.1613  67.0600  67.1500  67.4400  66.7700  111968 2024-06-06 04:00:00    65.74900   61.548800     0.000894
2024-06-07  19934443.0  66.1280  67.4000  65.8800  67.5650  65.6350  155795 2024-06-07 04:00:00    65.85300   61.652000    -0.018913
2024-06-10  21108705.0  66.7557  67.1900  66.9600  67.3300  66.2700  169145 2024-06-10 04:00:00    66.01100   61.787800     0.016393
2024-06-11  12590106.0  66.6898  66.9500  66.7300  66.9600  66.3500  104875 2024-06-11 04:00:00    66.18000   61.922400    -0.003435
2024-06-12  11454180.0  66.2741  66.8500  66.3100  66.9400  65.8980  125035 2024-06-12 04:00:00    66.31900   62.065400    -0.006294
2024-06-13  10332827.0  66.5075  66.3000  66.7000  66.7600  65.9491   87694 2024-06-13 04:00:00    66.50000   62.210800     0.005881
2024-06-14  12126837.0  66.8589  66.5400  67.0200  67.1100  66.3000  101146 2024-06-14 04:00:00    66.62600   62.361200     0.004798
2024-06-17  11356487.0  67.1571  66.9200  67.4200  67.4400  66.4125  115438 2024-06-17 04:00:00    66.78600   62.512600     0.005968
2024-06-18  11692140.0  67.6075  67.6300  67.6000  67.8700  67.2950  103964 2024-06-18 04:00:00    66.88600   62.669000     0.002670
2024-06-20  12608237.0  67.8341  67.3500  68.0100  68.1300  67.3000  133131 2024-06-20 04:00:00    66.97800   62.833400     0.006065
2024-06-21  24770423.0  68.0906  68.2600  67.9100  68.5500  67.8300  130050 2024-06-21 04:00:00    67.05400   62.979200    -0.001470
2024-06-24  11789349.0  68.8012  68.0500  68.9000  69.0400  67.9000  116018 2024-06-24 04:00:00    67.35600   63.155400     0.014578
2024-06-25  20432168.0  67.2275  67.1700  67.4200  67.5900  66.5500  170335 2024-06-25 04:00:00    67.40200   63.301000    -0.021480
2024-06-26  13806067.0  68.2518  67.4000  68.2900  68.5999  67.2100  116929 2024-06-26 04:00:00    67.55800   63.468200     0.012904
2024-06-27  12413044.0  67.9952  68.2900  67.8800  68.5800  67.6650   98067 2024-06-27 04:00:00    67.71500   63.629000    -0.006004
2024-06-28  17597824.0  67.6579  67.8700  67.7100  68.0981  67.3200  110963 2024-06-28 04:00:00    67.81600   63.790200    -0.002504
2024-07-01   8508076.0  67.5683  67.8900  67.4800  68.2400  67.2500   94407 2024-07-01 04:00:00    67.86200   63.954600    -0.003397
2024-07-02   9043388.0  67.7955  67.4400  68.0700  68.0850  67.2600   88269 2024-07-02 04:00:00    67.92700   64.125400     0.008743
2024-07-03   6175617.0  68.0270  67.8100  68.2400  68.2500  67.6200   64565 2024-07-03 04:00:00    67.99100   64.287400     0.002497
2024-07-05  18607637.0  69.6209  68.1600  70.0400  70.1500  68.1000  139129 2024-07-05 04:00:00    68.19400   64.506400     0.026377
2024-07-08  11636553.0  69.6054  69.9000  69.6800  70.1400  69.3500  115574 2024-07-08 04:00:00    68.37100   64.702600    -0.005140
2024-07-09   8857458.0  69.9826  69.9000  69.9000  70.2500  69.6700   93685 2024-07-09 04:00:00    68.47100   64.896400     0.003157
2024-07-10  10412887.0  70.1397  70.1000  70.4100  70.4400  69.7200  104109 2024-07-10 04:00:00    68.77000   65.101400     0.007296
2024-07-11  14730655.0  69.6273  70.1800  69.8000  70.4500  69.2600  135581 2024-07-11 04:00:00    68.92100   65.292600    -0.008664
2024-07-12  11893625.0  69.5399  69.9000  69.2400  70.0299  69.1700  112253 2024-07-12 04:00:00    69.05700   65.490400    -0.008023
2024-07-15  10002884.0  69.6999  69.3000  69.6100  69.9750  69.3000  115658 2024-07-15 04:00:00    69.24700   65.705600     0.005344
2024-07-16   9557195.0  70.0021  69.8200  69.9900  70.2400  69.5800  105841 2024-07-16 04:00:00    69.49800   65.911200     0.005459
2024-07-17  13329186.0  70.7338  70.1800  71.0300  71.1000  69.9500  151099 2024-07-17 04:00:00    69.79400   66.135400     0.014859
2024-07-18  10428769.0  70.8116  70.6800  70.8200  71.1900  70.4300  112786 2024-07-18 04:00:00    70.05200   66.354400    -0.002956
2024-07-19  11247189.0  70.9079  71.2000  70.7500  71.3300  70.6500  121724 2024-07-19 04:00:00    70.12300   66.557000    -0.000988
2024-07-22   9002933.0  70.5171  70.8600  70.3800  71.2600  70.2301   97225 2024-07-22 04:00:00    70.19300   66.758600    -0.005230
2024-07-23   8048653.0  70.4944  70.4700  70.6500  70.7000  70.1100  105056 2024-07-23 04:00:00    70.26800   66.962800     0.003836
2024-07-24  21314072.0  70.6178  70.5200  70.6000  70.8400  70.3400  133390 2024-07-24 04:00:00    70.28700   67.165200    -0.000708
2024-07-25  18318574.0  70.2631  70.6000  70.0200  70.7700  69.9500  135634 2024-07-25 04:00:00    70.30900   67.357400    -0.008215
2024-07-26  14051591.0  69.6170  70.2300  69.7800  70.2350  68.8300  134899 2024-07-26 04:00:00    70.36300   67.555800    -0.003428
2024-07-29  10149293.0  69.5025  69.8500  69.6200  69.9000  69.1300   99080 2024-07-29 04:00:00    70.36400   67.751600    -0.002293
2024-07-30  12142656.0  69.3230  69.5500  69.1900  69.8450  68.9800  106996 2024-07-30 04:00:00    70.28400   67.855200    -0.006176
2024-07-31  22049815.0  68.7363  69.1800  68.6400  69.2500  68.2900  169018 2024-07-31 04:00:00    70.04500   67.935000    -0.007949
2024-08-01  16720107.0  69.3817  68.9100  69.7900  69.8000  68.5200  160030 2024-08-01 04:00:00    69.94200   68.047200     0.016754
2024-08-02  22986279.0  68.5548  69.6000  68.4600  70.2350  67.7400  183197 2024-08-02 04:00:00    69.71300   68.113400    -0.019057
2024-08-05  20532419.0  67.4661  68.1000  67.5900  68.5800  66.9100  195503 2024-08-05 04:00:00    69.43400   68.160200    -0.012708
2024-08-06  14511713.0  68.1010  67.8400  67.7400  68.6300  67.6800  123990 2024-08-06 04:00:00    69.14300   68.218200     0.002219
2024-08-07  17910124.0  67.2792  67.8700  66.9100  68.0100  66.8100  143908 2024-08-07 04:00:00    68.77400   68.248800    -0.012253
2024-08-08  11938585.0  67.5567  66.8400  67.6600  67.9199  66.6700  113315 2024-08-08 04:00:00    68.53800   68.301200     0.011209
2024-08-09  12959879.0  67.8626  67.8500  67.9500  68.2200  67.3300  109903 2024-08-09 04:00:00    68.35500   68.361800     0.004286
2024-08-12  17244291.0  68.8029  68.3400  68.7000  69.2250  68.0700  145391 2024-08-12 04:00:00    68.26300   68.438000     0.011038
2024-08-13  25031953.0  67.9571  68.4300  68.1300  68.6100  67.1400  161387 2024-08-13 04:00:00    68.15700   68.485400    -0.008297
2024-08-14  22454177.0  68.4927  67.9200  68.6600  68.7900  67.8500  173687 2024-08-14 04:00:00    68.15900   68.542200     0.007779
2024-08-15  48226847.0  73.2862  74.1200  73.1800  74.4400  72.7800  356413 2024-08-15 04:00:00    68.49800   68.673800     0.065832
2024-08-16  19310527.0  73.2787  72.7000  73.4500  73.6050  72.5200  151551 2024-08-16 04:00:00    68.99700   68.801000     0.003690
2024-08-19  13121213.0  73.7151  73.3900  73.7200  73.9800  73.3400  118643 2024-08-19 04:00:00    69.61000   68.932400     0.003676
2024-08-20  12800868.0  74.3777  73.7500  74.5400  74.7500  73.7200  108158 2024-08-20 04:00:00    70.29000   69.105600     0.011123
2024-08-21  13577724.0  75.0866  75.3000  75.2400  75.5800  74.5900  129003 2024-08-21 04:00:00    71.12300   69.271200     0.009391
2024-08-22  14411989.0  75.5723  75.3700  75.5800  76.2200  75.1500  127260 2024-08-22 04:00:00    71.91500   69.448200     0.004519
2024-08-23  11632889.0  75.4770  75.6000  75.7000  75.8100  75.0077  106597 2024-08-23 04:00:00    72.69000   69.636000     0.001588
2024-08-26   9408862.0  75.9083  75.9000  76.0300  76.2050  75.5700   98589 2024-08-26 04:00:00    73.42300   69.822600     0.004359
2024-08-27  11028864.0  76.1805  76.4500  76.1300  76.4500  75.7700  107797 2024-08-27 04:00:00    74.22300   70.004800     0.001315
2024-08-28   9461695.0  76.0842  76.2800  76.0800  76.4300  75.8050   92986 2024-08-28 04:00:00    74.96500   70.178000    -0.000657
2024-08-29  11501417.0  76.1778  75.9900  76.4200  76.4700  75.6700  112070 2024-08-29 04:00:00    75.28900   70.354400     0.004469
2024-08-30  21864047.0  77.0673  76.4400  77.2300  77.4750  76.2200  116811 2024-08-30 04:00:00    75.66700   70.538800     0.010599
2024-09-03  21524868.0  77.3842  77.3300  77.1700  77.8100  76.7950  191036 2024-09-03 04:00:00    76.01200   70.724000    -0.000777
2024-09-04  17601446.0  77.1414  77.3300  77.2400  77.4800  76.7300  160800 2024-09-04 04:00:00    76.28200   70.890800     0.000907
2024-09-05  12665136.0  76.9337  77.2500  76.9600  77.4500  76.3900  135406 2024-09-05 04:00:00    76.45400   71.081600    -0.003625
2024-09-06  14275769.0  76.6498  76.9000  76.6400  77.3200  76.3000  146618 2024-09-06 04:00:00    76.56000   71.248600    -0.004158
2024-09-09  21299738.0  77.1717  76.8500  77.3400  77.4700  76.4900  180001 2024-09-09 04:00:00    76.72400   71.437800     0.009134
2024-09-10  17522242.0  78.4855  77.3500  78.8100  78.9000  77.2800  157214 2024-09-10 04:00:00    77.00200   71.659800     0.019007
2024-09-11  18877217.0  78.3110  78.3800  78.8400  78.9200  77.5650  166014 2024-09-11 04:00:00    77.27300   71.887000     0.000381
2024-09-12  14682729.0  79.4130  78.9900  79.6600  79.9050  78.6221  134652 2024-09-12 04:00:00    77.63100   72.118800     0.010401
2024-09-13  12710693.0  80.3900  79.8200  80.6000  80.6850  79.6900  130314 2024-09-13 04:00:00    78.04900   72.366000     0.011800
2024-09-16  14695344.0  80.5193  80.8400  80.5600  81.0200  80.1400  133503 2024-09-16 04:00:00    78.38200   72.576400    -0.000496
2024-09-17  20769439.0  79.0896  79.7600  78.6000  80.2600  78.2600  204933 2024-09-17 04:00:00    78.52500   72.754800    -0.024330
2024-09-18  15395974.0  78.9008  78.6400  79.0300  79.4100  78.2800  148701 2024-09-18 04:00:00    78.70400   72.937400     0.005471
2024-09-19  21373420.0  78.2381  79.0500  78.0400  79.0900  77.4900  195647 2024-09-19 04:00:00    78.81200   73.090000    -0.012527
2024-09-20  36246940.0  78.9406  78.2300  79.0600  79.6100  78.1100  149650 2024-09-20 04:00:00    79.05400   73.275200     0.013070
2024-09-23  12050386.0  80.1143  79.0700  80.3300  80.4374  79.0700  109283 2024-09-23 04:00:00    79.35300   73.497000     0.016064
2024-09-24  14394645.0  80.6494  80.4800  80.6700  80.9100  80.2400  119600 2024-09-24 04:00:00    79.53900   73.718200     0.004233
2024-09-25  13872800.0  81.2546  80.8900  81.4000  81.6000  80.6800  119885 2024-09-25 04:00:00    79.79500   73.946400     0.009049
2024-09-26  16517538.0  80.0451  81.0400  79.9200  81.2000  79.2600  167387 2024-09-26 04:00:00    79.82100   74.124200    -0.018182
2024-09-27  11363397.0  79.8693  79.9000  79.7800  80.2875  79.6000  104003 2024-09-27 04:00:00    79.73900   74.303400    -0.001752
2024-09-30  18033267.0  80.5665  79.8900  80.7500  80.9400  79.8600  132050 2024-09-30 04:00:00    79.75800   74.503400     0.012158
2024-10-01  15260428.0  81.0933  80.6800  81.2700  81.5300  80.4350  137365 2024-10-01 04:00:00    80.02500   74.721200     0.006440
2024-10-02  16210562.0  80.4764  80.9900  80.4300  80.9900  80.1200  131452 2024-10-02 04:00:00    80.16500   74.916800    -0.010336
2024-10-03  10763560.0  80.3431  80.3000  80.4300  80.5750  79.8500   98662 2024-10-03 04:00:00    80.40400   75.113400     0.000000
2024-10-04  11345461.0  80.8047  80.0500  80.9400  81.1150  79.8500  117504 2024-10-04 04:00:00    80.59200   75.331800     0.006341
2024-10-07  16393510.0  79.7006  80.6900  79.1000  80.9400  78.9800  142561 2024-10-07 04:00:00    80.46900   75.518200    -0.022733
2024-10-08  14625261.0  79.4320  79.6200  79.7100  79.8200  79.0700  122578 2024-10-08 04:00:00    80.37300   75.720000     0.007712
2024-10-09  12191387.0  80.2393  79.8200  80.4000  80.5000  79.7500  114967 2024-10-09 04:00:00    80.27300   75.944200     0.008656
2024-10-10  10411728.0  79.7076  80.3100  79.6100  80.3200  79.4600  100164 2024-10-10 04:00:00    80.24200   76.163600    -0.009826
2024-10-11   9305944.0  79.9229  79.7000  80.1000  80.1300  79.3700   92332 2024-10-11 04:00:00    80.27400   76.369800     0.006155
2024-10-14   9620617.0  80.2176  80.0500  80.2900  80.5100  79.7600   96934 2024-10-14 04:00:00    80.22800   76.606400     0.002372
2024-10-15  12246131.0  81.3851  80.6700  81.6500  81.8201  80.5100  127659 2024-10-15 04:00:00    80.26600   76.887600     0.016939
2024-10-16  11005699.0  81.1855  81.5300  81.2200  81.6600  80.6200  104117 2024-10-16 04:00:00    80.34500   77.157200    -0.005266
2024-10-17   9234764.0  80.9252  81.2700  80.8900  81.5000  80.6450   87842 2024-10-17 04:00:00    80.39100   77.436800    -0.004063
2024-10-18  11705871.0  81.2138  80.8700  81.3100  81.6900  80.6600   94156 2024-10-18 04:00:00    80.42800   77.709800     0.005192
2024-10-21   8625295.0  80.9186  81.2300  80.8100  81.5496  80.7200   89186 2024-10-21 04:00:00    80.59900   77.967000    -0.006149
2024-10-22  11972023.0  81.7621  81.1100  82.0200  82.2250  80.8250  107905 2024-10-22 04:00:00    80.83000   78.233400     0.014973
2024-10-23  12765111.0  82.8813  81.8900  83.2700  83.3400  81.8000  139769 2024-10-23 04:00:00    81.11700   78.536200     0.015240
2024-10-24  11328658.0  83.0644  82.9600  83.0400  83.3150  82.5800  110703 2024-10-24 04:00:00    81.46000   78.823800    -0.002762
2024-10-25   8291096.0  82.7488  83.2000  82.5100  83.3000  82.4350  101555 2024-10-25 04:00:00    81.70100   79.010400    -0.006382
2024-10-28   7599523.0  82.8088  82.7500  82.7500  83.0800  82.4700   88707 2024-10-28 04:00:00    81.94700   79.196400     0.002909
2024-10-29   8878366.0  82.1403  82.6700  81.7000  82.8600  81.6650   97635 2024-10-29 04:00:00    81.95200   79.356000    -0.012689
2024-10-30   8511224.0  81.5495  81.6000  81.3900  81.8300  81.3000   95082 2024-10-30 04:00:00    81.96900   79.493000    -0.003794
2024-10-31  14520669.0  81.9899  81.2900  81.9500  82.4400  81.2200  130381 2024-10-31 04:00:00    82.07500   79.627200     0.006880
2024-11-01  11401994.0  82.1123  82.5300  82.1900  82.5300  81.5400  119933 2024-11-01 04:00:00    82.16300   79.759400     0.002929
2024-11-04  11299370.0  82.5313  82.2000  82.4500  82.9050  82.0000  110617 2024-11-04 05:00:00    82.32700   79.894400     0.003163
2024-11-05  10256231.0  83.5321  82.6800  83.6800  83.7700  82.5100  110785 2024-11-05 05:00:00    82.49300   80.047400     0.014918
2024-11-06  18909406.0  83.4448  85.1400  83.4400  85.5400  82.0600  199285 2024-11-06 05:00:00    82.51000   80.193600    -0.002868
2024-11-07  11947249.0  83.9909  83.7200  83.8500  84.3900  83.4200  128976 2024-11-07 05:00:00    82.59100   80.349000     0.004914
2024-11-08  13503923.0  84.9769  84.2800  84.8300  85.4200  84.2300  158335 2024-11-08 05:00:00    82.82300   80.517200     0.011688
2024-11-11   9941160.0  84.5097  84.9500  84.2100  85.4100  84.1200  121192 2024-11-11 05:00:00    82.96900   80.656800    -0.007309
2024-11-12  12542827.0  85.0744  84.5000  84.9900  85.5300  84.5000  131363 2024-11-12 05:00:00    83.29800   80.813200     0.009263
2024-11-13  11762727.0  85.4537  84.9900  85.5000  85.7900  84.7700  134997 2024-11-13 05:00:00    83.70900   80.978400     0.006001
2024-11-14  14674324.0  84.9638  85.0300  84.4700  85.7600  84.3400  149155 2024-11-14 05:00:00    83.96100   81.128600    -0.012047
2024-11-15  15475157.0  84.3606  84.5300  84.2500  84.7800  83.9420  139056 2024-11-15 05:00:00    84.16700   81.280800    -0.002604
2024-11-18  22084311.0  84.1510  84.8200  84.0800  84.8500  83.6600  216290 2024-11-18 05:00:00    84.33000   81.415600    -0.002018
2024-11-19  35928746.0  87.0013  86.2300  86.6000  88.2900  85.9100  328598 2024-11-19 05:00:00    84.62200   81.571400     0.029971
2024-11-20  17075290.0  86.7519  86.6000  87.1800  87.2000  85.9100  172223 2024-11-20 05:00:00    84.99600   81.738200     0.006697
2024-11-21  18039524.0  88.1387  87.4500  88.3900  88.6400  86.9300  175924 2024-11-21 05:00:00    85.45000   81.912800     0.013879
2024-11-22  23248612.0  90.1362  89.4100  90.4400  90.9100  88.9300  226303 2024-11-22 05:00:00    86.01100   82.109600     0.023193
2024-11-25  23539812.0  89.6252  90.5000  89.5000  90.9500  89.0600  191820 2024-11-25 05:00:00    86.54000   82.288400    -0.010394
2024-11-26  16052314.0  91.0728  89.8900  91.3100  91.8800  89.8400  166267 2024-11-26 05:00:00    87.17200   82.542600     0.020223
2024-11-27  14113473.0  91.8605  92.0000  91.8800  92.2500  91.3100  134318 2024-11-27 05:00:00    87.81000   82.799600     0.006242
2024-11-29   9984542.0  92.3477  92.2600  92.5000  92.6400  91.8200  101942 2024-11-29 05:00:00    88.61300   83.088800     0.006748
2024-12-02  16143195.0  92.5212  92.8200  92.6400  92.9887  91.9500  191788 2024-12-02 05:00:00    89.45200   83.360400     0.001514
2024-12-03  16593851.0  93.2053  92.7800  93.5100  93.5900  92.2600  165969 2024-12-03 05:00:00    90.39500   83.624000     0.009391
2024-12-04  15674333.0  94.0039  93.4500  94.4500  94.5150  93.0500  169008 2024-12-04 05:00:00    91.18000   83.899600     0.010052
2024-12-05  21645958.0  95.1648  94.8900  95.3000  95.6000  94.3400  175124 2024-12-05 05:00:00    91.99200   84.177600     0.008999
2024-12-06  18399545.0  95.7210  95.5400  95.7000  96.1800  95.3300  160672 2024-12-06 05:00:00    92.72300   84.493200     0.004197
2024-12-09  18377571.0  94.2357  95.6600  93.8300  95.9400  93.6020  221696 2024-12-09 05:00:00    93.06200   84.774200    -0.019540