                 v_XOM        vw    o_XOM   c_XOM     h_XOM     l_XOM       n                 t_a  XOM_SMA_10  XOM_SMA_50  XOM_Returns
t                                                                                                                                     
2023-12-11  22252250.0   99.3531   99.800   99.62   99.8600   98.5800  188728 2023-12-11 05:00:00     101.154    106.1704     0.000703
2023-12-12  26083964.0   98.0660   98.680   98.05   98.6800   97.4800  209532 2023-12-12 05:00:00     100.569    105.8188    -0.015760
2023-12-13  19915444.0   98.3469   98.040   98.92   99.0300   97.6550  166425 2023-12-13 05:00:00     100.227    105.4806     0.008873
2023-12-14  26165653.0  101.2760   99.850  101.58  102.1350   99.7200  223472 2023-12-14 05:00:00     100.111    105.2822     0.026890
2023-12-15  55527018.0  100.7926  100.590  100.90  101.0000  100.3100  200900 2023-12-15 05:00:00      99.902    105.1204    -0.006694
2023-12-18  21610428.0  102.3670  102.130  101.65  103.1100  101.5200  189617 2023-12-18 05:00:00      99.824    105.0100     0.007433
2023-12-19  18904662.0  102.7672  102.000  102.99  103.1900  101.7900  167539 2023-12-19 05:00:00     100.079    104.8514     0.013182
2023-12-20  20988863.0  102.3601  103.500  101.27  103.9400  101.1250  190454 2023-12-20 05:00:00     100.295    104.6678    -0.016701
2023-12-21  19250933.0  101.4545  101.470  101.73  102.0050  100.8050  156927 2023-12-21 05:00:00     100.626    104.5726     0.004542
2023-12-22  12927831.0  102.3095  102.310  101.91  102.9400  101.8200  118767 2023-12-22 05:00:00     100.862    104.4814     0.001769
2023-12-26  16835144.0  102.5147  102.740  102.14  103.0300  102.1150  126825 2023-12-26 05:00:00     101.114    104.3268     0.002257
2023-12-27  14558830.0  101.8662  102.040  101.66  102.5500  101.3350  123967 2023-12-27 05:00:00     101.475    104.1610    -0.004699
2023-12-28  16329252.0  100.7624  101.390  100.19  101.6100  100.1300  144775 2023-12-28 05:00:00     101.602    103.9370    -0.014460
2023-12-29  17746408.0   99.9738  100.370   99.98  100.5900   99.6200  153732 2023-12-29 05:00:00     101.442    103.6776    -0.002096
2024-01-02  23483049.0  102.1985  100.920  102.36  103.1000  100.8500  214155 2024-01-02 05:00:00     101.588    103.4644     0.023805
2024-01-03  23490779.0  102.9693  102.270  103.22  103.6200  101.6600  193442 2024-01-03 05:00:00     101.745    103.3072     0.008402
2024-01-04  19395154.0  102.8263  104.080  102.32  104.5700  102.0500  171790 2024-01-04 05:00:00     101.678    103.1646    -0.008719
2024-01-05  15827392.0  102.7108  103.170  102.63  103.3987  102.1250  146021 2024-01-05 05:00:00     101.814    103.0494     0.003030
2024-01-08  23370127.0  100.1049  100.730  100.92  101.0400   98.9000  219649 2024-01-08 05:00:00     101.733    102.8960    -0.016662
2024-01-09  19496647.0   99.7373  101.290   99.67  101.2900   99.1900  172655 2024-01-09 05:00:00     101.509    102.7374    -0.012386
2024-01-10  18206088.0   98.6701   99.800   98.69   99.8000   98.1600  174870 2024-01-10 05:00:00     101.164    102.6002    -0.009832
2024-01-11  15833360.0   98.8714   99.040   98.67   99.5000   98.5600  144774 2024-01-11 05:00:00     100.865    102.4560    -0.000203
2024-01-12  18038183.0   99.7583  100.140   99.95  100.6500   99.1703  145395 2024-01-12 05:00:00     100.841    102.3380     0.012973
2024-01-16  20235699.0   98.1523   99.820   97.69  100.0100   97.5300  204887 2024-01-16 05:00:00     100.612    102.1790    -0.022611
2024-01-17  18384015.0   97.0788   96.600   96.98   97.9600   96.5800  167987 2024-01-17 05:00:00     100.074    101.9364    -0.007268
2024-01-18  20940275.0   96.5608   97.000   96.80   97.0900   95.8200  180232 2024-01-18 05:00:00      99.432    101.7168    -0.001856
2024-01-19  20042432.0   96.7995   96.720   96.95   97.0156   96.4100  155520 2024-01-19 05:00:00      98.895    101.5384     0.001550
2024-01-22  19955946.0   96.5130   96.700   96.82   97.0950   95.7700  154242 2024-01-22 05:00:00      98.314    101.3906    -0.001341
2024-01-23  15863433.0   97.8708   96.810   97.91   98.5000   96.7300  141763 2024-01-23 05:00:00      98.013    101.2902     0.011258
2024-01-24  17330646.0   99.0147   98.320   99.60   99.6500   97.7400  151289 2024-01-24 05:00:00      98.006    101.2230     0.017261
2024-01-25  22089510.0  101.0015  100.310  102.13  102.1800   99.6150  194763 2024-01-25 05:00:00      98.350    101.1906     0.025402
2024-01-26  20933412.0  102.3520  101.970  103.00  103.0800  101.1901  163414 2024-01-26 05:00:00      98.783    101.1538     0.008519
2024-01-29  18311269.0  102.7861  102.980  103.13  103.2000  101.8600  139880 2024-01-29 05:00:00      99.101    101.1306     0.001262
2024-01-30  19610934.0  104.0225  102.410  104.85  104.8800  102.1000  172670 2024-01-30 05:00:00      99.817    101.1544     0.016678
2024-01-31  22415291.0  103.4809  104.740  102.81  104.8800  102.7714  184343 2024-01-31 05:00:00     100.400    101.1614    -0.019456
2024-02-01  19235887.0  102.7592  103.570  102.39  104.0100  101.6200  189910 2024-02-01 05:00:00     100.959    101.1100    -0.004085
2024-02-02  21973405.0  102.7010  103.750  101.97  104.0000  101.6110  212057 2024-02-02 05:00:00     101.461    101.0594    -0.004102
2024-02-05  17190890.0  101.5390  101.450  101.55  102.3800  100.5000  161799 2024-02-05 05:00:00     101.934    101.0012    -0.004119
2024-02-06  13353286.0  102.2765  102.070  102.25  103.0400  101.5700  128404 2024-02-06 05:00:00     102.368    100.9660     0.006893
2024-02-07  13826832.0  101.8942  102.250  102.22  102.7300  101.1800  130111 2024-02-07 05:00:00     102.630    100.9190    -0.000293
2024-02-08  19636898.0  103.5980  102.340  103.97  104.4200  102.1100  176200 2024-02-08 05:00:00     102.814    100.9192     0.017120
2024-02-09  20410510.0  102.4942  104.100  101.77  104.8400  101.7000  173338 2024-02-09 05:00:00     102.691    100.8766    -0.021160
2024-02-12  18140661.0  102.9810  102.160  103.17  103.4000  102.0000  158101 2024-02-12 05:00:00     102.695    100.8932     0.013757
2024-02-13  18917431.0  101.4955  102.760  101.34  103.0900  100.6000  170768 2024-02-13 05:00:00     102.344    100.8652    -0.017738
2024-02-14  17651253.0  101.1180  101.870  100.84  102.6150  100.4200  161390 2024-02-14 05:00:00     102.147    100.8222    -0.004934
2024-02-15  23196310.0  103.0426  100.600  103.73  103.9350  100.6000  192102 2024-02-15 05:00:00     102.281    100.8482     0.028659
2024-02-16  20151426.0  104.0275  104.010  103.73  104.6300  103.5200  159993 2024-02-16 05:00:00     102.457    100.9140     0.000000
2024-02-20  17650010.0  103.2630  103.840  102.75  104.1200  102.6450  169645 2024-02-20 05:00:00     102.577    100.9868    -0.009448
2024-02-21  20999189.0  104.4417  103.020  104.85  104.9800  102.9900  186508 2024-02-21 05:00:00     102.837    101.1154     0.020438
2024-02-22  20470668.0  104.8128  104.160  104.76  105.4100  103.4500  178409 2024-02-22 05:00:00     103.091    101.2196    -0.000858
2024-02-23  15975888.0  103.6711  103.880  103.84  104.0900  102.8800  144200 2024-02-23 05:00:00     103.078    101.3040    -0.008782
2024-02-26  13360800.0  104.3918  103.720  104.25  104.9350  103.0500  117388 2024-02-26 05:00:00     103.326    101.4280     0.003948
2024-02-27  16341378.0  104.3358  104.680  104.03  105.1500  103.8500  145820 2024-02-27 05:00:00     103.412    101.5302    -0.002110
2024-02-28  14810486.0  104.5062  104.470  104.32  105.4300  104.0000  123738 2024-02-28 05:00:00     103.710    101.5850     0.002788
2024-02-29  17566066.0  104.6100  104.675  104.52  105.0700  104.2150  128127 2024-02-29 05:00:00     104.078    101.6574     0.001917
2024-03-01  18460120.0  105.9102  105.720  105.84  106.3900  105.3750  177720 2024-03-01 05:00:00     104.289    101.7412     0.012629
2024-03-04  18137989.0  104.6805  105.660  104.36  105.8500  104.0300  168188 2024-03-04 05:00:00     104.352    101.7686    -0.013983
2024-03-05  19952712.0  105.6352  104.530  105.64  106.2700  104.3200  177400 2024-03-05 05:00:00     104.641    101.8560     0.012265
2024-03-06  20472790.0  106.8204  106.620  106.77  107.5700  106.1500  193077 2024-03-06 05:00:00     104.833    101.9568     0.010697
2024-03-07  15195406.0  107.4742  106.600  107.37  107.9800  106.6000  137445 2024-03-07 05:00:00     105.094    102.0660     0.005620
2024-03-08  16281468.0  107.8910  107.230  108.38  108.4000  106.7700  161052 2024-03-08 05:00:00     105.548    102.1908     0.009407
2024-03-11  17577285.0  108.4348  108.250  109.02  109.1200  107.3400  165770 2024-03-11 04:00:00     106.025    102.3380     0.005905
2024-03-12  14957247.0  108.5229  109.060  108.32  109.2800  108.0250  144738 2024-03-12 04:00:00     106.454    102.5006    -0.006421
2024-03-13  17121039.0  109.6956  109.140  109.53  110.3500  109.1101  161198 2024-03-13 04:00:00     106.975    102.6916     0.011171
2024-03-14  22121014.0  110.9986  109.830  111.47  111.5500  109.6900  172651 2024-03-14 04:00:00     107.670    102.8738     0.017712
2024-03-15  38264401.0  111.3843  110.850  111.27  112.3000  110.8500  174665 2024-03-15 04:00:00     108.213    103.0348    -0.001794
2024-03-18  16770146.0  112.2193  111.790  112.30  112.8600  111.1000  144719 2024-03-18 04:00:00     109.007    103.2344     0.009257
2024-03-19  14878756.0  113.0861  112.220  113.09  113.4850  112.0600  131662 2024-03-19 04:00:00     109.752    103.4436     0.007035
2024-03-20  16119703.0  112.7706  112.720  112.99  113.4000  112.1300  138263 2024-03-20 04:00:00     110.374    103.6850    -0.000884
2024-03-21  14878022.0  113.5611  112.920  113.49  113.9100  112.5700  114251 2024-03-21 04:00:00     110.986    103.9614     0.004425
2024-03-22  14701933.0  113.3117  113.480  113.49  113.6850  112.8239  113207 2024-03-22 04:00:00     111.497    104.2574     0.000000
2024-03-25  14011734.0  114.8743  113.830  114.65  115.7750  113.8300  127569 2024-03-25 04:00:00     112.060    104.5770     0.010221
2024-03-26  13152287.0  114.0108  114.660  113.79  114.9800  113.4100  122583 2024-03-26 04:00:00     112.607    104.8538    -0.007501
2024-03-27  12415674.0  114.5450  113.480  114.97  115.0600  113.4100  116373 2024-03-27 04:00:00     113.151    105.1994     0.010370
2024-03-28  18482055.0  115.9395  115.530  116.24  116.4500  115.0600  140318 2024-03-28 04:00:00     113.628    105.5846     0.011046
2024-04-01  13816996.0  116.7269  116.410  116.99  117.2400  115.3800  132833 2024-04-01 04:00:00     114.200    105.9884     0.006452
2024-04-02  19889143.0  118.8293  117.920  119.28  119.6000  117.3300  188443 2024-04-02 04:00:00     114.898    106.4350     0.019574
2024-04-03  16504307.0  119.3103  119.480  119.30  119.7479  118.7300  145586 2024-04-03 04:00:00     115.519    106.8846     0.000168
2024-04-04  18467362.0  119.4563  119.050  119.72  119.8800  118.6400  161782 2024-04-04 04:00:00     116.192    107.3208     0.003521
2024-04-05  21720591.0  121.0538  119.980  121.37  122.1500  119.6400  196956 2024-04-05 04:00:00     116.980    107.7562     0.013782
2024-04-08  17513939.0  121.0165  121.080  120.55  121.7350  120.2050  176753 2024-04-08 04:00:00     117.686    108.1246    -0.006756
2024-04-09  14129120.0  120.9443  121.000  121.18  121.6492  120.3400  149276 2024-04-09 04:00:00     118.339    108.4882     0.005226
2024-04-10  17409184.0  121.7734  121.220  122.20  122.4700  120.7300  177163 2024-04-10 04:00:00     119.180    108.8696     0.008417
2024-04-11  17555869.0  121.4572  122.690  121.79  122.6900  120.3400  157649 2024-04-11 04:00:00     119.862    109.2084    -0.003355
2024-04-12  21556218.0  121.5555  122.950  120.37  123.7500  119.6700  219041 2024-04-12 04:00:00     120.275    109.5596    -0.011659
2024-04-15  14778737.0  120.2303  121.090  119.68  121.6900  119.4500  151525 2024-04-15 04:00:00     120.544    109.9054    -0.005732
2024-04-16  17633277.0  118.8003  119.555  118.69  120.2200  117.9200  193228 2024-04-16 04:00:00     120.485    110.2398    -0.008272
2024-04-17  14372917.0  118.4638  118.550  118.63  119.3500  117.1200  150109 2024-04-17 04:00:00     120.418    110.5814    -0.000506
2024-04-18  13728332.0  118.6541  119.000  118.52  119.7200  117.9700  141939 2024-04-18 04:00:00     120.298    110.9068    -0.000927
2024-04-19  21045195.0  119.9576  119.155  119.88  120.9250  118.9500  185770 2024-04-19 04:00:00     120.149    111.2600     0.011475
2024-04-22  15583648.0  120.4166  119.260  120.56  121.5650  118.4300  153151 2024-04-22 04:00:00     120.150    111.5918     0.005672
2024-04-23  13724258.0  120.5736  120.000  121.03  121.0600  119.4500  152224 2024-04-23 04:00:00     120.135    111.9770     0.003898
2024-04-24  11903688.0  120.6708  120.300  121.05  121.2550  119.3900  128102 2024-04-24 04:00:00     120.020    112.3346     0.000165
2024-04-25  15848440.0  120.8609  121.030  121.33  121.7600  119.4000  178678 2024-04-25 04:00:00     119.974    112.7344     0.002313
2024-04-26  27050955.0  117.6884  119.000  117.96  119.1000  116.2200  268360 2024-04-26 04:00:00     119.733    113.0768    -0.027775
2024-04-29  17109903.0  119.4214  117.760  119.64  120.0500  117.7600  177764 2024-04-29 04:00:00     119.729    113.3950     0.014242
2024-04-30  20738861.0  118.7959  119.110  118.27  120.2000  117.9800  181193 2024-04-30 04:00:00     119.687    113.6858    -0.011451
2024-05-01  27443476.0  116.5671  118.280  116.03  118.4700  115.6600  326086 2024-05-01 04:00:00     119.427    113.9514    -0.018940
2024-05-02  25315015.0  116.4037  116.260  116.24  117.2600  115.9000  249994 2024-05-02 04:00:00     119.199    114.1792     0.001810
2024-05-03  24374709.0  115.4641  116.000  116.00  116.0700  114.1300  194176 2024-05-03 04:00:00     118.811    114.4040    -0.002065
2024-05-06  30766426.0  117.1050  116.670  116.75  118.3400  116.4000  189758 2024-05-06 04:00:00     118.430    114.6622     0.006466
2024-05-07  28074605.0  116.4545  117.280  116.17  117.5800  115.9300  175508 2024-05-07 04:00:00     117.944    114.9006    -0.004968
2024-05-08  16628186.0  116.2362  115.710  116.15  116.9542  115.4100  141081 2024-05-08 04:00:00     117.454    115.1430    -0.000172
2024-05-09  17409505.0  117.9311  116.200  118.44  118.5300  116.1900  143965 2024-05-09 04:00:00     117.165    115.4254     0.019716
2024-05-10  13531277.0  118.0474  118.540  117.96  118.6600  117.5800  110392 2024-05-10 04:00:00     117.165    115.6942    -0.004053
2024-05-13  14842110.0  117.8744  118.420  117.91  119.0400  117.1200  129398 2024-05-13 04:00:00     116.992    115.9356    -0.000424
2024-05-14  14488835.0  117.2482  116.790  117.67  117.7400  116.4800  120014 2024-05-14 04:00:00     116.932    116.2018    -0.002035
2024-05-15  18047811.0  117.7952  117.610  118.58  118.8400  116.0800  162640 2024-05-15 04:00:00     117.187    116.4606     0.007733
2024-05-16  15437651.0  118.2395  118.540  117.87  119.3000  117.5400  117923 2024-05-16 04:00:00     117.350    116.6826    -0.005988
2024-05-17  14908511.0  119.1748  118.300  119.64  119.8300  117.9600  114176 2024-05-17 04:00:00     117.714    116.9280     0.015017
2024-05-20  11041908.0  118.9652  119.730  118.67  119.8900  118.5500   99298 2024-05-20 04:00:00     117.906    117.1338    -0.008108
2024-05-21  13942029.0  118.2639  118.400  117.85  119.4500  117.7800  103966 2024-05-21 04:00:00     118.074    117.3104    -0.006910
2024-05-22  16534210.0  115.7524  117.460  115.48  117.4600  114.9600  144931 2024-05-22 04:00:00     118.007    117.4536    -0.020110
2024-05-23  14883262.0  114.2915  115.600  113.51  117.5100  113.3600  137205 2024-05-23 04:00:00     117.514    117.5332    -0.017059
2024-05-24  12053725.0  113.6579  114.840  113.42  115.0800  113.0350  106333 2024-05-24 04:00:00     117.060    117.5722    -0.000793
2024-05-28  13779082.0  114.4109  113.520  114.86  115.1100  113.0700  135434 2024-05-28 04:00:00     116.755    117.6440     0.012696
2024-05-29  13059764.0  113.4730  114.525  113.63  114.5450  112.8100  129619 2024-05-29 04:00:00     116.351    117.6706    -0.010709
2024-05-30  14142543.0  113.7536  113.270  113.99  114.1300  112.9550  118086 2024-05-30 04:00:00     115.892    117.6886     0.003168
2024-05-31  27108728.0  116.4917  114.120  117.26  117.4900  113.9900  173176 2024-05-31 04:00:00     115.831    117.7740     0.028687
2024-06-03  17708149.0  114.7253  116.300  114.45  116.3600  113.7600  174238 2024-06-03 04:00:00     115.312    117.7932    -0.023964
2024-06-04  18812879.0  112.0517  113.000  112.67  113.0900  110.9200  169643 2024-06-04 04:00:00     114.712    117.7768    -0.015553
2024-06-05  13942068.0  112.5690  112.890  113.12  113.1900  111.4800  127689 2024-06-05 04:00:00     114.239    117.7462     0.003994
2024-06-06  12901900.0  113.4953  112.750  113.97  114.0400  112.1100  130955 2024-06-06 04:00:00     114.088    117.7498     0.007514
2024-06-07  13195698.0  113.5115  113.790  112.75  114.8950  112.6735  121454 2024-06-07 04:00:00     114.012    117.7054    -0.010705
2024-06-10  14467631.0  113.3009  113.060  113.08  114.2199  112.7000  136998 2024-06-10 04:00:00     113.978    117.6422     0.002927
2024-06-11  11791687.0  112.0771  112.490  112.17  112.6701  111.3100  121341 2024-06-11 04:00:00     113.709    117.5458    -0.008047
2024-06-12  13099682.0  111.3662  113.300  110.93  113.3000  110.5400  151182 2024-06-12 04:00:00     113.439    117.3788    -0.011055
2024-06-13  14409592.0  110.2353  110.840  110.04  110.8600  109.7200  126579 2024-06-13 04:00:00     113.044    117.1936    -0.008023
2024-06-14  13011508.0  109.0475  110.020  109.11  110.2070  108.5900  136035 2024-06-14 04:00:00     112.229    116.9814    -0.008451
2024-06-17  20937323.0  108.7464  109.170  108.36  109.4600  108.1800  176356 2024-06-17 04:00:00     111.620    116.7212    -0.006874
2024-06-18  17316547.0  109.5484  109.030  109.38  110.7200  108.8000  152957 2024-06-18 04:00:00     111.291    116.4978     0.009413
2024-06-20  17115658.0  111.6182  109.910  111.74  112.6200  109.5900  171371 2024-06-20 04:00:00     111.153    116.3090     0.021576
2024-06-21  49839302.0  111.0893  111.900  110.76  112.6950  110.7600  151405 2024-06-21 04:00:00     110.832    116.0802    -0.008770
2024-06-24  14141126.0  113.6078  111.640  114.05  114.5250  111.6400  135479 2024-06-24 04:00:00     110.962    115.9254     0.029704
2024-06-25  13874716.0  114.1475  114.110  114.37  114.5500  113.4550  118949 2024-06-25 04:00:00     111.091    115.8054     0.002806
2024-06-26  14498550.0  114.2062  114.390  114.41  114.8150  113.1400  130460 2024-06-26 04:00:00     111.315    115.7000     0.000350
2024-06-27  16122883.0  114.6003  114.990  114.90  114.9900  114.1100  110048 2024-06-27 04:00:00     111.712    115.6242     0.004283
2024-06-28  23763176.0  115.2409  115.860  115.12  116.5400  114.6750  158135 2024-06-28 04:00:00     112.220    115.5540     0.001915
2024-07-01  11738841.0  115.2754  115.710  114.96  116.7400  114.5300  125583 2024-07-01 04:00:00     112.805    115.4828    -0.001390
2024-07-02  12894867.0  114.3555  115.900  114.18  115.9400  113.4900  131717 2024-07-02 04:00:00     113.387    115.3688    -0.006785
2024-07-03   7573480.0  114.9519  114.270  114.76  115.6600  114.2700   77770 2024-07-03 04:00:00     113.925    115.2528     0.005080
2024-07-05  11740626.0  113.3598  114.610  113.37  114.6300  112.6850  121832 2024-07-05 04:00:00     114.088    115.0996    -0.012112
2024-07-08  12668384.0  112.2415  112.390  112.18  113.5500  111.4200  140475 2024-07-08 04:00:00     114.230    114.9222    -0.010497
2024-07-09  11583502.0  111.4042  111.110  110.94  112.5400  110.6200  120462 2024-07-09 04:00:00     113.919    114.7144    -0.011054
2024-07-10   9648742.0  111.4512  110.920  111.92  111.9600  110.4200  104455 2024-07-10 04:00:00     113.674    114.5936     0.008834
2024-07-11  12412702.0  112.6987  111.430  113.25  113.3150  110.9300  133481 2024-07-11 04:00:00     113.558    114.4658     0.011883
2024-07-12  11042269.0  113.2419  113.990  113.27  114.1500  112.6300  114574 2024-07-12 04:00:00     113.395    114.3658     0.000177
2024-07-15  12918841.0  115.2012  114.270  115.21  116.1600  113.5750  156956 2024-07-15 04:00:00     113.404    114.3494     0.017127
2024-07-16  12532382.0  115.5962  114.350  116.04  116.3500  113.7100  136204 2024-07-16 04:00:00     113.512    114.3454     0.007204
2024-07-17  13399105.0  117.5252  116.740  117.64  118.1750  116.5500  168478 2024-07-17 04:00:00     113.858    114.3782     0.013788
2024-07-18  12704604.0  118.9895  117.950  118.80  119.9200  117.4350  146690 2024-07-18 04:00:00     114.262    114.4192     0.009861
2024-07-19  15686764.0  116.9690  118.590  116.07  118.8793  115.8700  171823 2024-07-19 04:00:00     114.532    114.4172    -0.022980
2024-07-22   9869165.0  115.3592  115.180  115.27  115.9400  114.5800  114486 2024-07-22 04:00:00     114.841    114.3996    -0.006892
2024-07-23  10369521.0  113.8104  114.810  113.41  115.1700  113.1700  134078 2024-07-23 04:00:00     115.088    114.2990    -0.016136
2024-07-24  14620929.0  114.7116  113.765  115.01  115.2000  113.0650  135439 2024-07-24 04:00:00     115.397    114.2400     0.014108
2024-07-25  14396796.0  116.7908  115.170  117.43  118.0300  114.5600  135828 2024-07-25 04:00:00     115.815    114.2304     0.021042
2024-07-26  10153394.0  117.3922  116.770  117.33  118.0300  116.4700  107970 2024-07-26 04:00:00     116.221    114.2236    -0.000852
2024-07-29   8696928.0  116.1563  117.320  116.10  117.3900  115.3800   96484 2024-07-29 04:00:00     116.310    114.1740    -0.010483
2024-07-30  12101880.0  117.8498  116.360  118.17  118.5950  116.2300  128203 2024-07-30 04:00:00     116.523    114.1800     0.017829
2024-07-31  14229439.0  119.0693  119.640  118.59  119.7600  118.5600  128274 2024-07-31 04:00:00     116.618    114.1590     0.003554
2024-08-01  14490797.0  117.2760  118.350  116.95  119.4900  116.3600  157057 2024-08-01 04:00:00     116.433    114.1246    -0.013829
2024-08-02  20064061.0  116.8209  115.970  116.88  118.8700  115.4200  205578 2024-08-02 04:00:00     116.514    114.1052    -0.000599
2024-08-05  17777056.0  114.7514  115.540  114.77  116.0300  113.2500  190929 2024-08-05 04:00:00     116.464    114.0910    -0.018053
2024-08-06  13365970.0  114.6584  114.450  114.16  115.6300  113.6300  146599 2024-08-06 04:00:00     116.539    114.1040    -0.005315
2024-08-07  13136029.0  116.0977  115.450  115.68  117.1190  115.2600  128638 2024-08-07 04:00:00     116.606    114.1492     0.013315
2024-08-08  12725981.0  117.4889  116.080  117.89  118.1050  115.7300  116060 2024-08-08 04:00:00     116.652    114.2098     0.019104
2024-08-09  12067737.0  118.5399  117.885  118.85  119.3100  117.3600  106407 2024-08-09 04:00:00     116.804    114.3142     0.008143
2024-08-12  13068478.0  118.8645  119.550  119.00  120.1699  118.0200  131329 2024-08-12 04:00:00     117.094    114.4144     0.001262
2024-08-13  11310895.0  117.9446  118.275  117.86  118.5100  117.5000  117472 2024-08-13 04:00:00     117.063    114.4264    -0.009580
2024-08-14  11740968.0  118.8786  118.100  118.95  119.9000  117.6300  108978 2024-08-14 04:00:00     117.099    114.5164     0.009248
2024-08-15  10973616.0  118.8661  118.250  118.73  119.6300  118.1200  111642 2024-08-15 04:00:00     117.277    114.6376    -0.001850
2024-08-16   9674793.0  118.0971  117.990  118.17  118.4800  117.6600   89823 2024-08-16 04:00:00     117.406    114.7386    -0.004717
2024-08-19  12279162.0  119.2149  118.400  118.53  120.5000  118.1700  115068 2024-08-19 04:00:00     117.782    114.8298     0.003046
2024-08-20  15353860.0  115.4473  118.650  114.58  118.6500  114.5100  153167 2024-08-20 04:00:00     117.824    114.8664    -0.033325
2024-08-21  11423665.0  114.4572  115.010  113.85  115.5700  113.7600  112098 2024-08-21 04:00:00     117.641    114.8818    -0.006371
2024-08-22   9538680.0  114.5241  113.780  114.73  115.0100  113.6350   92603 2024-08-22 04:00:00     117.325    114.9330     0.007729
2024-08-23   9972523.0  116.1664  115.025  116.32  116.7200  115.0250   93849 2024-08-23 04:00:00     117.072    115.0408     0.013859
2024-08-26  12740636.0  118.3787  117.760  118.81  118.9400  116.9200  120537 2024-08-26 04:00:00     117.053    115.2162     0.021406
2024-08-27   9799641.0  117.9862  118.960  117.68  119.4100  117.4000   97258 2024-08-27 04:00:00     117.035    115.3876    -0.009511
2024-08-28   9747600.0  116.6937  117.000  116.52  117.5800  116.2600   91253 2024-08-28 04:00:00     116.792    115.5508    -0.009857
2024-08-29  10481769.0  118.0498  117.200  118.13  118.7900  116.3500  104261 2024-08-29 04:00:00     116.732    115.7258     0.013817
2024-08-30  12624785.0  117.4119  116.790  117.94  118.0200  116.2900  108434 2024-08-30 04:00:00     116.709    115.8498    -0.001608
2024-09-03  15354323.0  115.2740  115.840  115.47  116.0900  114.0400  148389 2024-09-03 04:00:00     116.403    115.9440    -0.020943
2024-09-04  12359212.0  114.7352  115.290  114.06  116.1500  113.9750  122577 2024-09-04 04:00:00     116.351    115.9442    -0.012211
2024-09-05  16910451.0  113.8057  115.070  113.17  115.2800  113.0700  123054 2024-09-05 04:00:00     116.283    115.9202    -0.007803
2024-09-06  13201355.0  112.6306  113.590  112.64  114.1800  111.7320  139944 2024-09-06 04:00:00     116.074    115.8848    -0.004683
2024-09-09  21239517.0  115.0340  112.870  115.01  116.1500  112.6600  198045 2024-09-09 04:00:00     115.943    115.8870     0.021040
2024-09-10  20640822.0  111.5431  115.100  110.82  115.4000  110.1700  194338 2024-09-10 04:00:00     115.144    115.8010    -0.036432
2024-09-11  18996651.0  109.2984  110.775  109.72  110.9500  107.7700  190928 2024-09-11 04:00:00     114.348    115.6962    -0.009926
2024-09-12  15505785.0  110.7629  109.900  111.23  111.3300  109.7609  117215 2024-09-12 04:00:00     113.819    115.6372     0.013762
2024-09-13   9918232.0  111.5550  111.470  111.15  112.4700  110.9300  107766 2024-09-13 04:00:00     113.121    115.5650    -0.000719
2024-09-16  11329851.0  112.4985  112.050  112.71  113.0850  111.6900  111829 2024-09-16 04:00:00     112.598    115.5518     0.014035
2024-09-17  11950067.0  113.9393  112.320  114.18  114.3700  112.1200  115234 2024-09-17 04:00:00     112.469    115.5918     0.013042
2024-09-18  11721917.0  114.5435  114.110  114.58  115.6300  113.8100  121006 2024-09-18 04:00:00     112.521    115.6646     0.003503
2024-09-19  12409619.0  116.4155  116.160  116.00  117.5750  115.1900  124502 2024-09-19 04:00:00     112.804    115.7462     0.012393
2024-09-20  30560522.0  115.1427  115.460  115.27  115.5100  114.2500  125399 2024-09-20 04:00:00     113.067    115.7866    -0.006293
2024-09-23  14853749.0  117.0244  115.330  117.36  117.7930  115.1200  132983 2024-09-23 04:00:00     113.302    115.8684     0.018131
2024-09-24  11418884.0  117.2365  117.840  117.05  118.1600  116.8300  106248 2024-09-24 04:00:00     113.925    115.9052    -0.002641
2024-09-25  13675024.0  114.9278  116.485  114.77  117.0500  114.0400  138414 2024-09-25 04:00:00     114.430    115.8798    -0.019479
2024-09-26  16506109.0  112.7448  111.140  112.80  113.4800  111.1400  184573 2024-09-26 04:00:00     114.587    115.7830    -0.017165
2024-09-27  15616342.0  115.3578  113.760  115.82  116.0900  113.2500  142326 2024-09-27 04:00:00     115.054    115.7234     0.026773
2024-09-30  12693799.0  116.6474  115.460  117.22  117.3900  114.9600  121786 2024-09-30 04:00:00     115.505    115.7464     0.012088
2024-10-01  21423713.0  119.5875  116.040  119.93  120.6000  115.9300  232342 2024-10-01 04:00:00     116.080    115.8396     0.023119
2024-10-02  16907216.0  121.4129  121.930  121.52  122.8200  120.2000  178403 2024-10-02 04:00:00     116.774    116.0018     0.013258
2024-10-03  15978677.0  122.3582  121.900  122.58  123.1700  120.9290  170996 2024-10-03 04:00:00     117.432    116.1532     0.008723
2024-10-04  18993965.0  124.4490  123.200  124.83  125.1900  122.4300  187114 2024-10-04 04:00:00     118.388    116.3012     0.018355
2024-10-07  15120031.0  125.5808  125.250  125.37  126.3400  124.8600  158682 2024-10-07 04:00:00     119.189    116.4620     0.004326
2024-10-08  14466406.0  122.2763  123.880  122.04  124.0200  121.2600  156160 2024-10-08 04:00:00     119.688    116.5808    -0.026561
2024-10-09  10967577.0  121.9576  120.900  122.09  122.5799  120.8000  117268 2024-10-09 04:00:00     120.420    116.6592     0.000410
2024-10-10   9716063.0  123.2002  123.160  123.14  123.7013  122.2900  103339 2024-10-10 04:00:00     121.454    116.7502     0.008600
2024-10-11   7974291.0  123.6533  123.100  123.61  124.0339  122.9400   93399 2024-10-11 04:00:00     122.233    116.8834     0.003817
2024-10-14   9575231.0  123.7710  123.240  124.08  124.2600  122.6150  101040 2024-10-14 04:00:00     122.919    117.0274     0.003802
2024-10-15  15603561.0  120.7248  120.820  120.35  121.9500  119.7800  160981 2024-10-15 04:00:00     122.961    117.1390    -0.030061
2024-10-16   8266782.0  120.8596  120.890  120.66  121.4350  120.6000   99583 2024-10-16 04:00:00     122.875    117.2690     0.002576
2024-10-17  11003035.0  120.4874  120.760  120.35  121.5800  119.7100  124510 2024-10-17 04:00:00     122.652    117.3624    -0.002569
2024-10-18  10685012.0  119.8402  120.440  120.01  120.6400  119.1500  105205 2024-10-18 04:00:00     122.170    117.4048    -0.002825
2024-10-21   9214112.0  120.2419  120.980  120.08  121.4800  119.7200   99062 2024-10-21 04:00:00     121.641    117.4294     0.000583
2024-10-22   8476571.0  120.6732  120.260  120.70  121.1900  119.9400   89908 2024-10-22 04:00:00     121.507    117.4634     0.005163
2024-10-23   8095397.0  120.0632  119.970  120.27  120.7500  119.4000  105090 2024-10-23 04:00:00     121.325    117.5116    -0.003563
2024-10-24   9595670.0  119.6411  120.000  119.59  120.4400  119.1250  113046 2024-10-24 04:00:00     120.970    117.5244    -0.005654
2024-10-25   9920716.0  119.7203  120.200  119.49  120.4300  119.3150  115107 2024-10-25 04:00:00     120.558    117.5396    -0.000836
2024-10-28  11405694.0  118.3193  116.790  118.90  119.0100  116.7700  126422 2024-10-28 04:00:00     120.040    117.5542    -0.004938
2024-10-29  14083837.0  117.6544  118.580  117.28  119.1719  117.0701  124592 2024-10-29 04:00:00     119.733    117.5292    -0.013625
2024-10-30  11832735.0  117.2080  117.660  116.69  118.2700  116.4800  140433 2024-10-30 04:00:00     119.336    117.5714    -0.005031
2024-10-31  19818393.0  117.1998  117.150  116.78  118.6700  116.6800  198714 2024-10-31 04:00:00     118.979    117.6300     0.000771
2024-11-01  20028658.0  116.5229  119.930  114.95  119.9500  114.8400  213747 2024-11-01 04:00:00     118.473    117.6344    -0.015670
2024-11-04  14679802.0  118.1835  116.070  118.61  118.7000  115.9300  132644 2024-11-04 05:00:00     118.326    117.6802     0.031840
2024-11-05   9993056.0  118.7685  119.080  118.96  119.2100  118.0100  113710 2024-11-05 05:00:00     118.152    117.6832     0.002951
2024-11-06  19894516.0  120.9688  121.145  121.00  121.9100  119.3000  202538 2024-11-06 05:00:00     118.225    117.7496     0.017149
2024-11-07  11868811.0  120.7523  121.300  121.15  121.5000  119.6100  134469 2024-11-07 05:00:00     118.381    117.8422     0.001240
2024-11-08  12553263.0  120.7468  120.980  121.11  121.4200  119.6600  119148 2024-11-08 05:00:00     118.543    117.9018    -0.000330
2024-11-11  11697013.0  120.6130  121.000  120.47  121.6200  120.0700  120775 2024-11-11 05:00:00     118.700    117.9524    -0.005284
2024-11-12  11153135.0  120.5600  121.130  120.35  121.3100  119.8365  116802 2024-11-12 05:00:00     119.007    118.0500    -0.000996
2024-11-13  14686366.0  120.8605  120.565  121.47  122.0500  118.8000  136740 2024-11-13 05:00:00     119.485    118.1982     0.009306
2024-11-14  12139107.0  120.8305  121.660  120.56  121.8800  120.3300  125657 2024-11-14 05:00:00     119.863    118.3460    -0.007492
2024-11-15  17633982.0  119.8433  120.400  119.31  121.2400  119.1300  133993 2024-11-15 05:00:00     120.299    118.4794    -0.010368
2024-11-18  13540425.0  120.1473  119.790  120.31  120.6200  119.2700  113543 2024-11-18 05:00:00     120.469    118.5854     0.008382
2024-11-19  10464150.0  118.7785  119.750  118.63  119.7500  118.2000  113706 2024-11-19 05:00:00     120.436    118.7416    -0.013964
2024-11-20  10154208.0  119.6483  119.170  120.32  120.4700  118.6400  106313 2024-11-20 05:00:00     120.368    118.9536     0.014246
2024-11-21  14355181.0  121.7135  121.080  121.93  122.5547  120.2700  132007 2024-11-21 05:00:00     120.446    119.1676     0.013381
2024-11-22  11379429.0  122.0773  121.820  121.79  123.2100  121.6400  114982 2024-11-22 05:00:00     120.514    119.3804    -0.001148
2024-11-25  22925531.0  120.2577  121.430  119.97  121.8800  119.6100  141937 2024-11-25 05:00:00     120.464    119.5256    -0.014944
2024-11-26  14681300.0  118.2795  119.530  117.97  119.6800  117.8450  150820 2024-11-26 05:00:00     120.226    119.6014    -0.016671
2024-11-27  10389559.0  118.0326  118.090  117.66  118.7300  117.4300  100976 2024-11-27 05:00:00     119.845    119.6630    -0.002628
2024-11-29   8346493.0  118.0697  117.440  117.96  118.5000  116.9500   76203 2024-11-29 05:00:00     119.585    119.7022     0.002550
2024-12-02  10617029.0  117.5083  118.050  117.85  118.2000  116.8200  112578 2024-12-02 05:00:00     119.439    119.7538    -0.000933
2024-12-03  10357263.0  117.8673  118.720  117.67  118.7200  117.2550  117316 2024-12-03 05:00:00     119.175    119.7600    -0.001527
2024-12-04  17611573.0  114.7771  117.500  114.28  117.5500  113.8612  171939 2024-12-04 05:00:00     118.740    119.7046    -0.028809
2024-12-05  14775887.0  114.9137  114.710  114.78  115.6200  114.0600  145755 2024-12-05 05:00:00     118.186    119.7048     0.004375
2024-12-06  15525026.0  113.8740  114.540  113.57  114.7700  113.5000  160107 2024-12-06 05:00:00     117.350    119.7202    -0.010542
2024-12-09  16435078.0  113.7753  114.640  112.90  114.9400  112.7450  166379 2024-12-09 05:00:00     116.461    119.6618    -0.005899